"ROI" "baseMean" "log2FoldChange" "lfcSE" "stat" "pvalue" "padj" "SRR8429046" "SRR8429047" "SRR8429054" "SRR8429055" "SRR639050" "SRR8429048" "SRR8429049" "SRR8429056" "SRR8429057" "SRR639051"
"LINC03025;NR_147037.1" 94.5114806037613 9.45986967187131 2.24127748674005 4.22074898259507 2.43491953528464e-05 0.0046937378193305 0 0 1.31340472167406 0 0 6.48827184276326 8.1524213383469 411.618600937649 517.54210719718 0
"MRGPRX3;NM_001370464.1" 21.7384717993051 7.91672816006495 1.78292017383652 4.44031554314045 8.98270700784842e-06 0.00201677624162093 0 0 0 0 0 0 0.627109333718992 87.3130365625315 68.9408810712942 60.5036910255058
"CCL20;NM_004591.3" 1142.61218774742 6.85156924954893 1.34413601516962 5.09737792323369 3.44390360358935e-07 0.000134906414357018 9.54432247242919 5.89259693336319 27.5814991551553 55.2916946032374 0 216.8936587438 173.709285440161 5838.88607996739 4973.45342038266 124.869319776044
"TNFAIP6;NM_007115.4" 798.102493906885 6.66210472852844 1.47607721480279 4.51338497858903 6.38010576626181e-06 0.00148485290784561 4.40507191035193 5.23786394076728 0 11.2840193067831 57.3804958435642 26.8799833485906 12.5421866743798 1234.85580281295 1995.40155776774 4633.03795746373
"PRR20G;NM_001362810.2" 16.1900679007842 6.30624826881233 1.35281583213375 4.66157189989839 3.13803401101006e-06 0.000798483214214881 0.734178651725322 0 1.31340472167406 0 0 22.2455034609026 3.13554666859496 66.5242183333574 64.0858894465552 3.86193772503229
"FAM240B;NM_001394922.1" 98.5594346653735 6.23029466585058 1.11139095600811 5.6058533067684 2.07231426520538e-08 1.31826818123932e-05 0.734178651725322 1.96419897778773 0 7.8988135147482 2.49480416711149 57.4675506073317 48.2874186963624 648.611128750234 215.561628138413 2.57462515002152
"BCL2A1;NM_004049.4" 179.865715107258 6.10028211620599 1.10226099775587 5.53433545106445 3.12410563213276e-08 1.92323973818134e-05 5.13925056207726 0 2.62680944334813 15.7976270294964 2.49480416711149 28.7337753036658 11.9150773406609 497.545716284902 1110.82208374029 123.582007201033
"LINC02539;NR_121618.1" 25.9438380445539 5.80549679499406 1.24854100215927 4.64982470335683 3.3221727270416e-06 0.000834215056879762 0 0 3.94021416502219 0 1.24740208355574 15.7572316181393 3.13554666859496 130.276594236158 29.1299497484342 75.9514419256349
"TNFAIP3;NM_006290.4" 25933.9856674657 5.683628069263 0.839600512233246 6.76944330839576 1.29278857225238e-11 2.74128634587382e-08 355.342467435056 332.604360238722 1094.06613315449 2795.05158229019 372.973222983167 6009.06662237631 4953.53662704632 113373.899094624 86992.7109303989 43060.60563411
"IGFL1;NM_198541.2" 38.7956332915792 5.64545978755925 1.34205328730345 4.20658392700822 2.59259828698139e-05 0.00494771457087528 4.40507191035193 2.61893197038364 0 0 0 44.4910069218052 25.0843733487597 63.7523759028008 247.60457286169 0
"PTX3;NM_002852.4" 5378.28831834433 5.48339292252872 1.11273342040539 4.92785857059189 8.3135758242846e-07 0.000273545312121806 35.9747539345408 36.010314592775 28.8949038768294 31.5952540589928 1044.07554393616 710.929214771345 618.956912380645 7622.56668403053 13740.5972963364 29913.2823055251
"EGFL6;NM_015507.4" 25.9039771729813 5.41536453539414 1.48217910923968 3.65365056195676 0.000258538069176638 0.0308371282010434 0 0 2.62680944334813 0 3.74220625066723 0 3.13554666859496 103.944091145871 78.6508643207723 66.9402539005596
"SERPINA3;NM_001085.5" 81.5231386487217 5.39197981302181 0.913602217247463 5.90189002525298 3.59360691506052e-09 3.60949444036921e-06 3.67089325862661 1.96419897778773 5.25361888669625 3.38520579203494 4.98960833422297 47.271694854418 9.40664000578488 317.375958298726 396.167316578705 25.7462515002152
"UBASH3A;NM_018961.4" 33.7192213577046 5.2690674521807 1.12480746453683 4.68441721655036 2.80757608735092e-06 0.00074416363959729 0.734178651725322 0 0 5.64200965339157 2.49480416711149 7.41516782030086 15.6777333429748 124.732909375045 161.185721941336 19.3096886251614
"IL1A;NM_000575.5" 3444.80820661804 5.26610044960315 1.00896530013024 5.2193077888044 1.79593090348308e-07 8.5979515935819e-05 73.4178651725322 108.030943778325 73.5506644137476 601.438229051542 16.2162270862247 586.725153781306 497.92481097288 11041.634322122 20165.693212516 1283.45063728573
"CSF2;NM_000758.4" 255.798818867261 5.2645561069611 0.758488839111517 6.94084848120893 3.89751870433467e-12 9.29753086919036e-09 13.9493943827811 9.16626189634274 23.6412849901331 15.7976270294964 2.49480416711149 114.008205237126 69.6091360428081 1205.7514572921 797.189624782148 306.380392852561
"TNFRSF9;NM_001561.6" 297.66983369869 5.25983687695577 0.902274070714647 5.82953345072824 5.55825547122602e-09 5.05113082918464e-06 15.4177516862318 2.61893197038364 18.3876661034369 25.9532444056012 13.7214229191132 24.0992954159778 30.7283573522306 1121.21026316013 1056.44617754321 668.115226430585
"CXCL3;NM_002090.3" 1403.16444315028 5.19965320152279 0.833833847808867 6.2358384889104 4.49364550571287e-10 6.5966716023865e-07 37.4431112379914 28.1535186816241 91.9383305171844 212.139562967523 2.49480416711149 972.313880436951 871.681973869399 6401.57009337037 3874.28331654174 1539.62583971287
"CXCL1;NM_001511.4" 3232.15375094648 5.06260925039462 0.827999053993719 6.11426936537662 9.70003426503519e-10 1.23410302609288e-06 144.633194389889 100.174147867174 241.666468788028 449.103968409969 3.74220625066723 2269.04135301206 1653.06020368326 14097.5906018106 8993.38648566658 4369.13887958653
"SOD2;NM_001024465.3" 20622.9431454879 4.88719741684985 0.689994297686925 7.08295334212652 1.41114198611621e-12 4.07242708305080e-09 1006.55893151542 1063.94111296835 1201.76532033177 2200.38376482271 1268.60791897619 4143.22501959311 5430.13972067276 70147.0163900948 70802.2848602191 48965.5084156843
"CXCL5;NM_002994.5" 70.094449034401 4.79638206074701 0.843075462064411 5.68914916465754 1.27673908106713e-08 9.74611544923401e-06 5.13925056207726 0 9.19383305171844 5.64200965339157 4.98960833422297 18.5379195507522 46.4060906952054 320.147800729282 162.156720266284 128.731257501076
"TMEM72;NM_001123376.3" 49.3891379046015 4.78985030709453 0.870106834777129 5.50489907175757 3.69379823091425e-08 2.20288891996149e-05 2.20253595517597 0.65473299259591 2.62680944334813 0 12.4740208355574 38.9296310565795 26.9657013499167 182.941600416733 93.2158391949893 133.880507801119
"ARL14;NM_025047.3" 14.0894594773432 4.7318736396052 1.25664342695655 3.76548632499934 0.000166225221636788 0.0218729081179636 1.46835730345064 0 2.62680944334813 0 1.24740208355574 7.41516782030086 1.25421866743798 84.541194131975 32.0429447232776 10.2985006000861
"CFB;NM_001710.6" 902.835047478112 4.64459408239051 0.601006949616556 7.72802059169828 1.09231679362406e-14 1.04228868447608e-10 129.215442703657 97.5552158967905 39.4021416502219 51.9064888112025 27.4428458382263 744.297469962699 503.568794976351 3434.31277145957 2834.34411052264 1166.30519295975
"BIRC3;NM_001165.5" 3259.99417655178 4.64366859751383 0.766903211869363 6.05509081934168 1.40338464755444e-09 1.575423094937e-06 164.456017986472 157.135918223018 260.054134891465 552.916946032374 119.750600021351 735.028510187323 781.378229813864 13368.5960425743 12879.3217821077 3581.30358367994
"IL1B;NM_000576.3" 4730.78723410666 4.63424757516166 0.798762462719217 5.80178437452525 6.56129031616119e-09 5.69162110880092e-06 362.684253952309 377.126203735244 110.325996620621 943.344014047071 37.4220625066723 3059.68362185164 2807.56848705993 12589.7083195879 24079.7874603806 2940.22192132458
"MIR3142HG;NR_132748.1" 247.942033703946 4.55929694644605 0.86456083675321 5.27354091537171 1.33816403046135e-07 6.90203306954716e-05 20.557002248309 20.2967227704732 2.62680944334813 49.6496849498458 7.48441250133446 59.3213425624069 50.1687466975194 363.111358402909 1249.67484420783 656.529413255488
"LINC00877;NR_104116.1" 21.0751262666665 4.54074468964947 1.26845452954746 3.57974573299797 0.000343928696491156 0.0379776182081644 1.46835730345064 3.27366496297955 0 0 3.74220625066723 0 8.77953067206589 41.5776364583484 114.577802343841 37.3320646753121
"CXCL8;NM_000584.4" 9048.20366693559 4.40471853223501 0.904766140798632 4.86835032127416 1.12533709356911e-06 0.00035793221822788 370.026040469562 305.105574549694 1245.10767614701 2139.45006056608 19.9584333368919 2975.33608789572 2912.295745791 35677.7698449087 24690.5454067728 20146.4417989184
"EFNA1;NM_004428.3" 5062.89289242886 4.39194615072791 0.939240635248186 4.67606062376909 2.92438187693559e-06 0.000764505530677243 364.886789907485 348.317952061024 394.021416502219 1185.95042914291 8.7318145848902 3094.90566899807 2965.60003915711 21321.011975841 20225.8951086628 719.607729431016
"ICAM4;NM_001544.5" 1271.0371511091 4.31704130771246 0.838869084788792 5.14626344681589 2.65726176116399e-07 0.00011024170315229 104.253368544996 89.0436869930437 123.460043837362 249.376826679908 41.1642687573395 251.188809912692 136.082725417021 4685.79962885586 5892.01783578328 1137.98431630951
"TRAF1;NM_005658.5" 2383.11237166833 4.2739758897721 0.791634979453265 5.3989224841023 6.70423310330473e-08 3.76304660421963e-05 146.101551693339 201.65776171954 144.474519384147 241.478013165159 437.838131328066 379.100454812882 262.131701494539 7829.06894510699 9498.30561463943 4690.96702333922
"LINC02843;NR_144626.1" 20.9846292439721 4.16245514881679 1.12737362038369 3.69217007880684 0.00022234868332239 0.0277340017812058 1.46835730345064 3.27366496297955 1.31340472167406 0 4.98960833422297 0 15.0506240092558 73.4538244097487 40.7819296478078 69.5148790505811
"CD34;NM_001025109.2" 367.924032106242 4.16086989134365 0.501008564790175 8.30498754664252 9.98299174117269e-17 1.9051541438854e-12 59.4684707897511 31.4271836446037 21.014475546785 36.1088617817061 46.1538770915625 470.863156589105 242.69131214925 1265.34606954907 1078.77913901701 427.387774903573
"ALKBH3-AS1;NR_038907.1" 11.8660716200243 4.07657740561253 1.04239279258027 3.91078817373789 9.19954274889753e-05 0.014031967899298 2.93671460690129 0 0 0 3.74220625066723 40.7834230116548 12.5421866743798 16.6310545833393 33.0139430482254 9.01118802507533
"TNFAIP2;NM_006291.4" 10062.6413100657 4.05956206492912 0.621703844687025 6.529736143055 6.58856569098207e-11 1.25736187646702e-07 1839.11752257193 1031.20446333856 1230.6602242086 1336.02788592312 255.717427128927 9132.70606667805 5965.06398233506 38557.714130257 33473.2252559257 7804.97614229025
"IL32;NM_004221.7" 446.949643766206 4.01694868407909 0.793753673796864 5.06069932862711 4.17721500363388e-07 0.000159435942258698 19.0886449448584 3.27366496297955 35.4619274851997 145.563849057503 57.3804958435642 248.408121980079 214.471392131895 1502.33859736165 1198.21193298559 1045.29781090874
"ICAM1;NM_000201.3" 12922.8204732282 3.98363870596424 0.801542915678311 4.96996308999008 6.69656481788963e-07 0.00022820936247251 999.951323649889 1600.1674339044 780.162404674394 4028.39489252158 274.428458382263 4423.14760480947 5619.52673945589 31725.1225389351 70723.6339958984 9053.66934005069
"CXCL2;NM_002089.4" 6608.80594458338 3.9631370276734 0.777652292743785 5.09628411650443 3.46385155286832e-07 0.000134906414357018 529.342807893957 430.814309128109 1145.28891729978 1848.32236245108 28.6902479217821 8848.14900157401 6955.89672961106 26522.3742967804 16369.0897619701 3410.09101120351
"WAKMAR2;NR_049793.1" 1377.41688898436 3.94155229400326 0.684444172463916 5.75876375689511 8.4732189759818e-09 6.73762128906819e-06 93.9748674208413 120.470870637647 221.965397962917 328.36496182739 77.338929180456 656.242352096627 638.397301725934 6878.3269914261 3608.22977550605 1150.85744205962
"CD83;NM_001251901.1" 2892.11009254126 3.88851245922713 0.790357513660368 4.91994115576675 8.65702351628004e-07 0.000280018028448624 200.430771921013 185.944169897238 408.468868440634 974.939268106064 59.8753000106756 2277.3834168099 1632.36559567054 10742.2753396219 11582.0680199774 857.350174957167
"CXCL6;NM_002993.4" 35.8973738961133 3.859222460845 0.767313350687235 5.02952601748495 4.91693782633403e-07 0.000180451618226459 10.2785011241545 1.96419897778773 1.31340472167406 9.02721544542652 0 27.8068793261282 53.3042933661144 120.57514572921 88.3608475702503 46.3432527003874
"CFAP58-DT;NR_108036.1" 20.4505557755797 3.8334663370161 0.814631007161026 4.70577022396393 2.52909252754339e-06 0.000699495678197654 5.13925056207726 0.65473299259591 5.25361888669625 0 2.49480416711149 18.5379195507522 21.3217173464457 45.7354001041832 79.6218626457201 25.7462515002152
"NFATC1;NM_172390.3" 1278.67153946887 3.8227825184451 0.808638204267195 4.72743248868558 2.27376626437247e-06 0.000638125814548297 85.1647236001374 112.614074726496 91.9383305171844 300.154913560432 254.470025045372 269.726729463444 152.387568093715 2496.04410871618 6997.98492789883 2026.22999306694
"EGOT;NR_004428.1" 84.3794980650623 3.8139302667155 0.98416653163169 3.87528954108227 0.000106497991192143 0.0158781848743036 7.34178651725322 6.5473299259591 11.8206424950666 30.4668521283145 0 67.6634063602454 60.2024960370233 302.130824930665 352.472391956053 5.14925030004305
"SLC6A7;NM_014228.5" 51.7952964335921 3.79828600707916 0.497101019238962 7.64087350473381 2.15752951818935e-14 1.37247644417085e-10 5.13925056207726 4.58313094817137 10.5072377733925 7.8988135147482 7.48441250133446 91.7627017762232 38.8807786905775 117.803303298654 100.012827469624 133.880507801119
"SERPINA1;NM_001002235.3" 179.662841864877 3.73633887734256 0.858026814603274 4.35457122522462 1.33327626396597e-05 0.00282713824683629 50.6583269690472 20.2967227704732 27.5814991551553 21.439636682888 4.98960833422297 84.3475339559223 80.89710404975 612.577177152999 871.956495803129 21.8843137751829
"LINC02399;NR_135019.1" 69.1078901888211 3.71022637929872 0.632525574983584 5.86573338065423 4.47151826907581e-09 4.26672273235213e-06 8.07596516897855 9.82099488893865 7.88042833004438 16.9260289601747 6.23701041777871 33.3682551913539 45.1518720277675 261.939109687595 192.257668339666 109.421568875915
"IRF1;NM_002198.3" 10250.1773000397 3.69145898264016 0.493002124072206 7.48771415455303 7.00834532586599e-14 3.34368155497066e-10 1756.8895135787 1746.17289125329 1501.22159687345 1750.15139448207 608.732216775202 10833.5601854596 9424.82617646274 35105.3843829988 30903.9636881138 8870.87095439916
"IL2RA;NM_000417.3" 43.7861028933847 3.66339268345891 0.861594684297561 4.25187475064982 2.11988414688945e-05 0.00417070815043693 1.46835730345064 11.1304608741305 1.31340472167406 6.77041158406989 11.2266187520017 39.8565270341171 11.2879680069419 97.0144850694795 228.184606362734 29.6081892252475
"LTB;NM_009588.1" 40.5888120836849 3.62772267776047 0.723276732778418 5.01567728278059 5.28469692109655e-07 0.000183369374622194 4.40507191035193 5.23786394076728 5.25361888669625 4.51360772271326 11.2266187520017 17.6110235732146 15.0506240092558 117.803303298654 139.823758792484 84.9626299507103
"LOC653653;NR_027408.2" 89.0476674590189 3.62610677759146 0.759166818551874 4.77642948687922 1.78435082045621e-06 0.000523885400885942 8.07596516897855 3.92839795557546 21.014475546785 3.38520579203494 31.1850520888936 43.5641109442676 42.6434346928915 358.953594757074 152.446737016805 225.279700626883
"C1QTNF1;NM_030968.5" 6177.40193527247 3.61341047527981 0.597951817774557 6.04297933022116 1.51294043049865e-09 1.60405306531312e-06 878.811846115211 1030.54973034596 464.945271472618 1716.29933656172 575.052360519197 3343.31379097815 3518.71047149727 16570.0740498671 25985.8571722532 7690.40532311429
"NINJ1;NM_004148.4" 2670.64655303903 3.55956943850074 0.628432719441826 5.66420131921576 1.47710905941967e-08 1.044042566295e-05 342.127251704 285.463584771817 478.079318689359 629.6482773185 353.014789646275 1245.74819381055 906.172987223944 8684.18233493369 10835.3703080926 2946.65848419963
"C1QTNF1-AS1;NR_040018.1" 1134.39589260876 3.51288934044362 0.679360404931972 5.17087736485817 2.32997443960624e-07 0.00010340751675685 187.215556189957 195.765164786177 57.7898077536588 392.683871876054 79.8337333475675 1229.99096219241 997.730949946917 3596.46555364713 4278.21861972003 328.264706627744
"SERPINE2;NM_006216.4" 6071.50192010164 3.45023548410158 0.727462319518269 4.74283738350372 2.10745437432037e-06 0.000609373625447422 740.052080939125 826.927769648634 1116.39401342295 1219.80248706326 1186.27938146151 1226.28337828226 1017.17133929221 26318.6438781345 18583.9369411761 8479.52793159589
"CCL2;NM_002982.4" 3621.187592914 3.42324984895366 0.561308663023163 6.09869413116897 1.06938469876826e-09 1.27550859945585e-06 599.823958459588 517.239064150769 279.755205716576 1497.38936201012 193.34732295114 6639.35588710189 4081.2275438432 4052.43363347369 13208.490214265 5142.81373716799
"CRTAC1;NM_001206528.3" 86.9911872046446 3.40164798348391 0.853827323686031 3.98399991323628 6.77648970302245e-05 0.0107699439440846 8.81014382070387 4.58313094817137 24.9546897118072 23.6964405442446 13.7214229191132 89.908909821148 59.5753867033043 382.514255416805 258.285554436116 3.86193772503229
"NFKBIA;NM_020529.3" 8354.67528093346 3.36777578845928 0.527070770756261 6.38960833215446 1.66311180488944e-10 2.88534778950092e-07 653.419000035537 701.219035070219 1824.31915840527 3588.31813955704 612.47442302587 17362.6154512345 11352.5602683149 20465.8985860143 17284.7411823959 9701.1875652811
"ELOVL7;NM_024930.3" 1184.05222100884 3.35141107060248 0.897184942722184 3.73547404889992 0.000187361901642906 0.0238374302063548 157.848410120944 155.826452237827 401.901844832263 324.979756035355 16.2162270862247 176.110235732146 146.116474756525 4818.84806552257 4148.10484417703 1494.56989958749
"MIR155HG;NR_001458.3" 2930.2298774222 3.31046590667952 0.742295416251901 4.45976875809792 8.20481287339329e-06 0.00186405534375997 341.393073052275 287.427783749604 376.947155120456 613.850650289003 1064.03397727305 716.490590636571 487.891061633376 4908.93294451566 10777.1104085957 9728.22112935633
"LINC01449;NR_110832.1" 266.805717573969 3.27772648863281 0.823098247219602 3.98218134919478 6.82856433260448e-05 0.0107699439440846 16.8861089896824 12.4399268593223 130.027067445732 60.933704256629 29.9376500053378 116.788893169739 50.1687466975194 1402.55226986162 450.543222775782 397.779585678325
"C10orf126;NR_164114.1" 14.3895442320797 3.1999659496469 0.897696128103021 3.56464269976183 0.000364352183002249 0.0399614773587064 0.734178651725322 2.61893197038364 3.94021416502219 3.38520579203494 3.74220625066723 6.48827184276326 3.76265600231395 42.9635576736266 54.3759061970771 21.8843137751829
"TNIP1;NM_001252390.2" 15737.858268644 3.1711606217471 0.593413052786996 5.3439347295338 9.09503294484711e-08 4.95913167769892e-05 3216.43667320864 2755.77116583618 3454.25441800279 3845.5937797517 2453.63989835415 6772.8289078673 5607.61166211523 50775.9955641503 56785.9240395976 21710.5265775565
"IRAK2;NM_001570.4" 6768.84337706219 3.06230978550384 0.665407294009146 4.60215842698855 4.18134946736157e-06 0.00103632302902764 839.166198922043 1458.74510750369 809.057308551223 2851.4716788241 1278.58713564464 1847.30368323245 2380.5070307973 14140.5541594843 25189.638545796 16893.4029218662
"TIFA;NM_052864.3" 1074.4138548725 3.03861234870527 0.582258027551541 5.21866973905533 1.80212777061033e-07 8.5979515935819e-05 254.759992148687 142.077059393312 391.394607058871 167.003485740391 210.810952120921 548.722418702264 422.044581592882 3859.79058455001 2367.29391622275 2380.2409511949
"N4BP3;NM_015111.2" 123.716602039435 3.0357128329941 0.663120122456606 4.57792295873626 4.69615575653514e-06 0.00112026795572146 13.9493943827811 13.0946598519182 31.5217133201775 42.879273365776 33.6798562560051 74.1516782030086 29.4741386847926 389.443861493196 296.154489109081 312.816955727615
"MIS18A-AS1;NR_046576.1" 113.298113516132 3.00133681443141 0.477099830344928 6.29079413476533 3.15845971780309e-10 5.02300377121285e-07 16.8861089896824 18.3325237926855 36.7753322068738 38.3656656430627 16.2162270862247 159.426108136469 90.3037440555349 325.691485590395 293.241494134237 137.742445526151
"NFKB1;NM_003998.4" 20384.052017486 2.94835609461848 0.698524826113991 4.22083222298722 2.43402049290567e-05 0.0046937378193305 2722.3344405975 2362.93137027864 4632.37845334442 8589.39549632333 5073.18427382121 4847.66596252169 4769.16648293294 56844.9445658539 67086.2742706439 46912.2448585422
"NFKBIE;NM_004556.3" 1389.6731471382 2.92421467841182 0.698592211822428 4.18586784811611 2.84078600236032e-05 0.00536767921475686 165.190196638198 105.412011807941 594.972338918351 596.924621328828 155.925260444468 673.853375669841 565.025509680812 5849.97344968961 3452.8700435144 1736.58466368952
"PTGES;NM_004878.5" 306.265452960985 2.90945522147925 0.633994272091699 4.58908755102827 4.45187693663121e-06 0.00107543822099582 69.7469719139056 111.304608741305 21.014475546785 73.3461254940905 83.5759395982348 165.914379979232 136.082725417021 343.708461389013 997.215279721396 1060.74556180887
"LINC00677;NR_138038.1" 188.919375901636 2.88453155451412 0.594912530243425 4.84866498497491 1.24295130361252e-06 0.000388860371772809 45.51907640697 57.6165033484401 47.2825699802663 63.1905081179856 11.2266187520017 342.951511688915 197.539440121483 537.737431527972 524.339095471815 61.7910036005166
"OLR1;NM_002543.4" 386.413024197205 2.86960618489394 0.762418208918757 3.76382168123129 0.000167336228527703 0.0218729081179636 70.481150565631 62.1996342966114 24.9546897118072 110.583389206475 197.089529201807 83.4206379783847 146.743584090244 340.936618958457 1384.64361137557 1443.07739658706
"AKR1B1;NM_001346142.1" 2728.41472338673 2.85420783210526 0.695169471039683 4.10577269429937 4.02965589569583e-05 0.00712055121420918 413.342580921357 378.435669720436 736.82004885915 551.788544101696 1234.92806272019 639.55822450095 676.650971082793 10088.1205260106 6519.28275369957 6045.21985225054
"DNAH17;NM_173628.4" 68.3659309978412 2.81860633780305 0.761399380621614 3.70187632081065 0.000214010940229092 0.0268696367324473 11.0126797758798 24.8798537186446 10.5072377733925 15.7976270294964 22.4532375040034 18.5379195507522 28.8470293510736 225.905158090359 288.386502509498 37.3320646753121
"GBP2;NM_004120.5" 4492.58721084238 2.80893661892553 0.598877688223227 4.69033439408836 2.72758914524425e-06 0.000733145228842835 1030.05264837063 728.063087766652 1340.98622082922 1995.01461343926 516.424462592077 2221.76965815765 2228.7465720373 14470.4034087205 14650.4227268125 5743.98870969802
"STAT5A;NM_001411103.1" 1153.51186703456 2.77563983453878 0.532601608114082 5.2114747538356 1.87345340721567e-07 8.72024020080581e-05 328.912035972944 400.041858476101 303.396490706709 235.836003511768 200.831735452475 734.101614209786 498.551920306599 3319.28131059148 3677.17065657734 1836.99504454036
"SLC2A6;NM_017585.4" 1421.03448495209 2.75103532460223 0.588993258833288 4.67074161434655 3.0011425047605e-06 0.000773970318389856 287.798031476326 445.218434965219 439.990581760811 547.274936378983 117.25579585424 892.600826368717 595.753867033043 4712.13213194615 3850.00835841805 2322.31188531941
"HOATZ;NM_001100388.2" 279.199692492797 2.74054704257265 0.748505465265801 3.66135876055288 0.000250881156099439 0.0303564163763775 52.8608629242232 22.9156547408568 128.713662724058 108.326585345118 51.1434854257854 141.815084563254 134.201397415864 1196.05000878515 874.869490777973 81.100692225678
"C15orf48;NM_032413.4" 152.693248686629 2.72597354993992 0.664691438924921 4.10111126803279 4.11170778737265e-05 0.00719888361598346 40.3798258448927 40.5934455409464 21.014475546785 86.8869486622302 11.2266187520017 55.6137586522565 103.473040063634 352.023988680683 546.672056945615 269.048328177249
"RND1;NM_014470.4" 62.6198472386948 2.70811392395742 0.539737334200785 5.0174663718 5.23573623582282e-07 0.000183369374622194 20.557002248309 14.40412583711 26.2680944334813 18.054430890853 3.74220625066723 86.2013259109976 53.9314026998333 106.715933576427 212.648633163569 83.6753173756995
"NFKB2;NM_001288724.1" 2871.41895332 2.70339973694719 0.524541133482909 5.15383744835576 2.55209187252068e-07 0.000108231380655966 528.608629242232 345.69902009064 786.729428282764 1835.90994121362 325.571943808049 5033.04515802921 2932.99035380373 7112.54767680812 7010.60790612316 2802.47947579843
"IL6;NM_000600.5" 5981.67183278808 2.68909509852361 0.511387608273289 5.2584283526216 1.4529177132358e-07 7.29670569457682e-05 1647.49689447162 1432.55578779985 869.47392574823 3572.52051252754 507.692648007187 7925.88750392409 7768.63042611088 9846.97023455217 19000.4952225787 7244.99517216057
"LINC01215;NR_110028.1" 198.622607911043 2.67567638607329 0.595311826164757 4.49457959421216 6.97075266621978e-06 0.00160276920339926 13.2152157310558 28.1535186816241 77.4908785787698 45.1360772271326 106.029177102238 172.402651821995 137.336944084459 634.751916597452 334.023423782045 437.686275503659
"IFNAR2;NM_000874.5" 3691.15501695082 2.66741915079768 0.690101438931503 3.86525661347366 0.000110972462287155 0.0162907574637544 1231.21759894337 1155.60373193178 638.314694733595 783.11093989075 1211.22742313263 1100.22552533714 1180.21976605914 4256.16405211959 4858.87561803882 20496.5908193213
"IL23A;NM_016584.3" 9.45300490023828 2.61484895993244 0.743444380976548 3.51720858593041 0.000436110928238089 0.0462374497471983 3.67089325862661 1.96419897778773 3.94021416502219 1.12840193067831 2.49480416711149 13.9034396630641 10.0337493395039 31.8761879514004 16.5069715241127 9.01118802507533
"IL18R1;NM_001371419.1" 254.759488883105 2.59937525695882 0.705635062535256 3.68373879781369 0.000229837763600982 0.0284521782637192 62.4051853966524 29.4629846668159 74.8640691354216 47.3928810884892 147.193445859578 86.2013259109976 54.5585120335523 582.086910416877 636.97490116576 826.454673156909
"PIM3;NM_001001852.4" 1027.89465374972 2.59462585427959 0.366080438274357 7.08758399249692 1.36473476824193e-12 4.07242708305080e-09 254.025813496962 168.266379097149 315.217133201775 376.886244846557 346.777779228496 1454.29978875651 916.833845897167 2924.29376423717 1915.77969512202 1606.56609361343
"LINC02541;NR_125844.1" 384.778200427893 2.56607382808028 0.535882163188205 4.78850389946466 1.68029299268637e-06 0.000501042366756668 124.076192141579 112.614074726496 116.893020228992 167.003485740391 34.9272583395608 406.90733413901 358.079429553545 918.865765729499 1345.80367837766 262.611765302195
"LOC101928034;NR_125947.1" 121.646258913945 2.53932855742845 0.530050979815065 4.79072514555944 1.66179636513266e-06 0.000501042366756668 22.759538203485 14.40412583711 39.4021416502219 65.4473119793422 37.4220625066723 91.7627017762232 134.201397415864 426.86373430571 215.561628138413 168.63794732641
"C11orf96;NM_001145033.2" 23.3609102068746 2.53882629485209 0.7192482894263 3.52983292720398 0.000415822163643106 0.0445817425335115 9.54432247242919 11.1304608741305 10.5072377733925 0 2.49480416711149 24.0992954159778 24.4572640150407 45.7354001041832 70.8828777211898 34.7574395252906
"RARRES1;NM_002888.4" 2922.06785193353 2.53445602552307 0.677124350881829 3.74296984331225 0.000181858061507067 0.0232924781597373 1035.1918989327 1474.45869932599 399.275035388915 1261.55335849836 129.729816689797 1766.66373318668 2102.07048662606 6520.7593178843 11978.2353365561 2552.74083624634
"LINC00504;NR_126435.1" 333.154685622804 2.4825478185427 0.659213967531196 3.76592114369181 0.000165936162622772 0.0218729081179636 70.481150565631 57.6165033484401 185.190065756043 170.388691532425 22.4532375040034 384.661830678107 328.605290868752 1277.81936048657 706.886780562003 127.443944926065
"IFNGR2;NM_001329128.2" 7538.74128243783 2.47193689294611 0.599218262369769 4.12526961907032 3.70300693534812e-05 0.00673030327182701 2281.8272495623 3145.99202942335 1208.33234394014 2954.15625451583 1922.2466107594 2654.63007966771 3133.66534059381 17749.4930040689 27617.1343581655 12719.9355536813
"LINC01686;NR_036490.1" 19.1460399385547 2.46769836597182 0.686477862042122 3.59472388320135 0.000324735793681519 0.0367522724685034 5.87342921380258 2.61893197038364 7.88042833004438 4.51360772271326 8.7318145848902 25.0261913935154 8.77953067206589 42.9635576736266 19.4199664989561 65.6529413255488
"MAPK6-DT;NR_156732.1" 243.756149098537 2.46014183517752 0.616075785904209 3.99324546016167 6.51750376506969e-05 0.0105406815129314 43.316540451794 67.4374982373787 74.8640691354216 167.003485740391 22.4532375040034 302.16808867726 289.724512178174 605.647571076608 770.972670008558 93.9738179757856
"BIRC2;NM_001166.5" 6120.55551275273 2.43826138618729 0.618546786030939 3.94191909367601 8.08322451373673e-05 0.0125414842780611 1253.24295849513 1295.06185935471 1889.98939448898 2162.01809917965 2933.88970052311 1917.74777752531 2024.93603857863 15777.3271147279 19935.5666095034 12015.7755751505
"TEX41;NR_033870.2" 332.352638591545 2.41066823738411 0.688472101598167 3.50147555984937 0.00046268940672781 0.0483805748395482 51.3925056207726 39.2839795557546 43.3423558152441 119.610604651901 273.181056298708 143.668876518329 154.896005428591 702.662056146087 965.172334998119 830.316610881941
"ZNF366;NM_152625.3" 1197.01855924037 2.38483448378358 0.623149171981666 3.8270683666314 0.000129678506395371 0.0179332218554294 430.962868562764 500.216006343275 513.541246174559 361.088617817061 117.25579585424 1383.85569446365 1089.28891266989 4545.82158611275 2733.36028472807 294.794579677464
"BTG2;NM_006763.3" 2700.67690103592 2.37915907580661 0.678938408053968 3.50423403298977 0.000457922731933352 0.0482817536807519 1132.10348096045 930.375582478788 369.066726790412 1726.45495393782 195.842127118252 6350.16434211015 3941.38216242387 4446.03525861272 7477.65810042305 437.686275503659
"NFKBIZ;NM_031419.4" 12646.595014095 2.37837334265527 0.336162651859298 7.07506717209844 1.49376386404085e-12 4.07242708305080e-09 4150.31191820325 3318.18680647607 3921.82649891875 5355.39556299928 3653.64070273477 14548.5592634303 13997.0803286079 36043.6530457422 25914.974294532 15562.3217193051
"LINC02098;NR_146647.1" 210.020184359765 2.32668375462616 0.636062930370736 3.65794584707213 0.000254244745804797 0.0305157655908097 88.835616858764 52.3786394076728 114.266210785644 71.0893216327338 22.4532375040034 263.238457620681 271.538341500324 826.009044305854 342.762408706575 47.6305652753982
"DRAM1;NM_018370.3" 8322.11425145878 2.32297761996933 0.636142293180301 3.65166354268938 0.000260547094811986 0.0308837314123723 2256.13099675192 2908.32395311103 1698.23230512456 3858.00620098916 3140.95844639336 2146.6910839771 2969.98980449315 16363.5717887906 33703.3518589383 14175.8860760185
"SLC50A1;NM_001287590.2" 965.434185374868 2.31269981449371 0.554731513842693 4.16904350443939 3.05880605229351e-05 0.0057229661472519 298.810711252206 312.307637468249 315.217133201775 531.477309349486 159.667466695135 901.869786144093 807.089712496343 2886.87389142465 3011.06580566315 429.962400053594
"LINC02015;NR_110826.1" 861.419549096373 2.30764506016629 0.490810421427927 4.70170346720144 2.5799999849615e-06 0.000703381710185789 364.15261125576 276.95205586807 182.563256312695 490.854839845067 132.224620856909 742.443678007624 811.479477832376 2577.8134604176 2137.16731321012 898.544177357512
"TNFAIP8;NM_001286813.2" 5396.23783132755 2.29577294462983 0.571104278105651 4.01988399079218 5.82268061317959e-05 0.00957931351913097 1778.91487313046 1757.30335212742 1841.39341978704 1900.22885126228 1852.39209408028 1742.5644377707 2053.15595859598 10531.6153148996 14623.234773714 15881.5752379078
"ANXA8L1;NM_001098845.3" 50.9109251345456 2.29498784679939 0.558347472769804 4.11032190298025 3.95107922853723e-05 0.00711343358466081 25.6962528103863 7.20206291855501 21.014475546785 13.5408231681398 18.7110312533361 47.271694854418 26.3385920161977 134.434357881993 99.0418291446762 115.858131750969
"ZC3H12A;NM_025079.3" 6192.90623898065 2.26304261701828 0.514365224575294 4.39968043890769 1.08410403144043e-05 0.00237805072827691 1815.62380571672 1495.41015508906 3496.28336909636 3136.95736728571 733.472425130777 7440.19401169438 4729.65859490864 20366.1122585143 12652.1081740699 6063.24222830069
"SDC4;NM_002999.4" 50074.9773231767 2.25381482104616 0.598679525298008 3.76464322865271 0.000166787045938935 0.0218729081179636 19558.5192819626 19499.912718484 18237.937965166 24664.6094007666 4832.43567169495 65507.4463164929 53299.9036007783 133378.285915951 149439.555204442 12331.1671560281
"CSF1;NM_000757.6" 3056.76287543574 2.23800927229481 0.473297285755501 4.72854871483657 2.261303738187e-06 0.000638125814548297 1188.6352371433 887.817937960054 1112.45379925793 609.33704256629 1548.02598569268 2599.01632101545 1632.99270500426 5940.0583286827 5490.99552757984 9558.29586945491
"ITGB8-AS1;NR_110119.1" 591.33570540651 2.23326602436373 0.489737458868339 4.56012907308386 5.11221885675099e-06 0.00120446400817575 229.063739338301 238.322809304911 136.594091054103 276.458473016187 155.925260444468 941.72631317821 612.058709709736 1722.7000705909 1370.07863650135 230.428950926926
"UXS1;NM_025076.5" 4149.38671136698 2.23050475669992 0.580812777315626 3.84031626681624 0.000122875907282119 0.0172423809894997 1330.33171692628 1064.59584596095 1460.50605050156 1308.94623958684 2124.32574829543 1762.95614927653 1426.04662487699 8326.6146613919 7427.16618752577 15262.3778893276
"EXOC3L4;NM_001077594.2" 73.6442477227804 2.22281302144395 0.521569916208952 4.26177383389084 2.02810642039477e-05 0.00403170655487643 14.6835730345064 22.9156547408568 17.0742613817628 13.5408231681398 62.3701041777871 153.864732271243 56.4398400347093 117.803303298654 115.548800668789 162.201384451356
"GFPT2;NM_005110.4" 6788.77088501272 2.20770069006434 0.616765175648861 3.57948337102813 0.000344274153742006 0.0379776182081644 3049.04394061526 3412.46835740988 1960.91324945938 3001.54913560432 656.133495950321 5391.75390133627 4581.66079215096 20324.534622056 22432.9743012692 3076.67705427572
"TP63;NM_001114979.2" 419.978581844422 2.17494893866318 0.606046305422479 3.58875042913925 0.000332266727520742 0.0370817440234259 98.3799393311932 94.281550933811 210.14475546785 274.20166915483 84.8233416817905 234.504682317015 343.655914878008 1563.3191308339 1046.73619429373 249.738639552088
"MMP25;NM_022468.5" 224.399254007845 2.17087884792534 0.438805852536468 4.94724223794376 7.52722809322671e-07 0.000252016878826559 77.0887584311589 125.708734578415 44.6557605369182 50.7780868805242 108.52398126935 459.740404858654 225.759360138837 454.582158611275 523.368097146867 173.787197626453
"LINC02004;NR_146711.1" 1293.10982378838 2.15369502700053 0.593949079239581 3.6260600483763 0.000287778461845242 0.0336930316923595 455.1907640697 358.138946949963 902.309043790082 378.014646777235 279.418066716486 1365.3177749129 1315.67538214245 5452.21406090475 2012.8795276168 411.940024003444
"GUCY2D;NM_000180.4" 20.6582226122689 2.14013358047349 0.561246643907007 3.81317840152305 0.00013719100795119 0.0187010942552893 6.6076078655279 3.92839795557546 10.5072377733925 7.8988135147482 9.97921666844594 36.1489431239667 16.3048426766938 36.0339515972352 57.2889011719205 21.8843137751829
"XXYLT1-AS2;NR_102710.1" 248.969548984792 2.13233044082419 0.377474097113124 5.64894507234271 1.61435422671668e-08 1.10029771652361e-05 63.873542700103 95.5910169190028 95.8785446822066 93.6573602463001 113.513589603573 282.70327314897 178.726160109913 615.349019583556 461.224204350208 489.178778504089
"MSC;NM_005098.4" 793.133012225668 2.11820316318058 0.519793146887453 4.07508866914557 4.59968175996584e-05 0.00783752917028466 182.810484279605 169.575845082341 495.153580071122 312.567334797893 325.571943808049 555.210690545027 369.994506894205 2017.90128944517 1545.82933331691 1956.71511401636
"LOC339593;NR_038972.1" 23.8335668882241 2.10578420950154 0.523796151792277 4.02023612104855 5.81398395670347e-05 0.00957931351913097 9.54432247242919 4.58313094817137 15.7608566600888 3.38520579203494 12.4740208355574 47.271694854418 28.2199200173547 45.7354001041832 41.7529279727556 29.6081892252475
"FTH1;NM_002032.3" 4639.566036435 2.09835819090137 0.504659379830929 4.15796926553581 3.21089209983957e-05 0.00594919076051828 923.596743870456 819.725706730079 2428.48533037534 1289.76340676531 3323.0791505925 4044.04714999658 3617.79374622487 13802.3893829564 7994.22920929528 8152.55053754315
"RRAD;NM_004165.3" 134.692561768063 2.07168213193176 0.430334113304918 4.81412481111821 1.47846387437959e-06 0.000455080719010645 53.5950415759485 47.1407754669055 39.4021416502219 83.5017428701953 34.9272583395608 108.4468293719 169.946629437847 261.939109687595 388.399329979122 159.626759301334
"TNFRSF10B;NM_003842.5" 12685.8478490261 2.06671731210854 0.528695273929365 3.90908981793671 9.26445166270982e-05 0.014031967899298 4153.98281146187 5167.15277756692 4097.82273162308 6755.74235897107 4271.10473409486 6770.97511591223 7819.42628214212 35863.483287756 41080.9971318918 10877.7912588409
"GIRGL;NR_134567.1" 103.274643674483 2.02573081457541 0.391740874509824 5.1710989237724 2.32721320359333e-07 0.00010340751675685 49.9241483173219 57.6165033484401 28.8949038768294 25.9532444056012 39.9168666737838 191.867467350285 142.98092808793 160.76686097228 248.575571186638 86.249942525721
"WTAP;NM_152858.3" 6921.97650667935 2.01550183729701 0.505761740650764 3.98508166059311 6.7456923158883e-05 0.0107699439440846 2350.84004282448 2572.44592790933 2857.96867436276 3974.23159984902 1969.64788993452 3259.89315299977 3646.64077557594 17267.1924211521 17729.458415222 13591.4461669636
"BAMBI;NM_012342.3" 495.665989738908 1.99285063226998 0.495471308171988 4.02213125038963 5.76739030252755e-05 0.00957931351913097 161.519303379571 111.959341733901 126.08685328071 212.139562967523 384.199841735169 366.123911127355 358.079429553545 1068.54525697955 1390.46960132526 777.5367953065
"BID;NM_001244567.1" 1902.60243619628 1.98429538970675 0.551657745568088 3.59696823918126 0.000321947776672319 0.0367522724685034 812.735767459932 1231.55275907291 411.095677883982 557.430553755087 824.532777230346 961.1911287065 1002.74782461667 2313.10250829945 4883.15057616251 6028.4847887754
"CFLAR;NR_147252.2" 247.736973163841 1.98308993902744 0.525490573181472 3.77378784746077 0.000160787506806628 0.021608935069702 88.1014382070387 75.2942941485296 182.563256312695 107.19818341444 47.4012791751182 286.410857059121 247.081077485283 749.783377465549 566.092023444571 127.443944926065
"HIVEP2;NM_006734.4" 18008.27292714 1.92704995448741 0.532624321015832 3.61802846481381 0.000296855753893079 0.0345438732152166 5884.44189357846 5273.87425536005 7478.52648521212 12070.5154524659 6788.36213871035 8774.92421934854 7786.81659678873 38139.1659232429 36098.8047265846 51787.2975801079
"RNF144B;NM_182757.4" 1845.0285293488 1.90998156934196 0.518684631805961 3.68235619916435 0.000231088222116772 0.0284521782637192 816.406660718559 620.032143988327 1112.45379925793 827.118615187205 501.455637589409 925.042185582533 954.460405920306 5838.88607996739 2913.96597316836 3940.46379210794
"LRRC49;NM_001284357.2" 7560.31838669937 1.90574672962315 0.539005031026248 3.53567521623067 0.000406734414446044 0.0443549689445046 2709.85340351817 2546.91134119809 3786.54581258633 3382.94898817359 3500.21024645741 3278.43107255052 3133.66534059381 13410.1736790326 14489.2370048712 25365.206978012
"SAT1;NM_002970.4" 938.435517649607 1.90059497497194 0.494138889532647 3.84627685703812 0.000119926248232192 0.0170796456810683 494.102232611142 229.811280401164 651.448741950335 322.722952173998 284.407675050709 666.43820784954 662.854565740975 3187.61879514004 1544.85833499196 1340.0923905862
"LINC02889;NR_110013.1" 111.844514023389 1.87520713490944 0.459470011941685 4.08123944147074 4.47961770680126e-05 0.00770171390239597 59.4684707897511 43.21237751133 72.2372596920735 28.2100482669579 36.1746604231165 68.590302337783 114.133898736857 180.169757986176 233.039597987473 283.208766502368
"SIX5;NM_175875.5" 1110.0743321548 1.86459033476481 0.361391863284801 5.1594696068057 2.47650421022188e-07 0.000107412741699715 593.950529245786 580.748164432572 277.128396273227 591.282611675437 346.777779228496 2307.04408809111 1205.3041394079 2343.59277503557 1866.25878054968 988.656057608265
"EDN1;NM_001955.5" 1224.89526257843 1.85731079477589 0.527234603530624 3.52274069709844 0.000427109014237823 0.0455360247358359 412.608402269631 382.364067676011 673.776622218795 844.044644147379 336.798562560051 780.446413086666 708.633547102461 3647.74463861243 3242.16340700072 1220.3723211102
"MRPS24;NM_032014.3" 470.48005750629 1.81892784114446 0.494911308240179 3.67526021503179 0.000237607113438446 0.0290672702106366 149.772444951966 83.1510900596805 337.545013470234 171.517093463104 298.129097969823 365.197015149818 309.792010857182 1085.17631156289 1009.83825794572 894.682239632479
"NUAK2;NM_030952.3" 14724.4025269069 1.81475897310103 0.484108083860289 3.74866488208604 0.00017777844461753 0.0229238097100063 6612.74711608998 6631.79048200397 4954.16261015457 12526.38983246 1864.86611491584 17712.0552347662 14977.2522172107 31888.6612423379 35641.4645155342 14434.6359035957
"STOML1;NM_001256676.1" 630.288101684919 1.81047925086408 0.354806439950438 5.10272375866962 3.3479952942736e-07 0.000134906414357018 267.975207879743 283.499385794029 300.769681263361 280.9720807389 264.449241713817 696.098879130744 407.621066917345 1498.18083371582 1188.50194973611 1114.81268995932
"ANKRD33B;NM_001164440.2" 9168.66031103037 1.78299032524065 0.461788940666315 3.86105029424908 0.000112900658303057 0.0164472989546225 3725.22247885429 3770.60730435984 4367.07069956626 4278.90012113217 4501.87411955268 6435.43877204361 5752.47391820432 23264.0735196612 26857.8136680563 8733.12850887301
"CASTOR1;NM_001037666.3" 278.341208399789 1.74978902437909 0.495155786323611 3.53381516021608 0.000409607424884146 0.0444144778209604 104.987547196721 79.877425096701 103.758973012251 113.96859499851 235.758993792035 385.588726655645 135.455616083302 374.198728125135 368.008365155218 881.809113882372
"TMEM51-AS2;NR_167930.1" 35.130732199344 1.74858897973589 0.499488130595445 3.50076182521371 0.00046393026596297 0.0483805748395482 8.81014382070387 10.4757278815346 6.56702360837032 30.4668521283145 24.9480416711149 49.1254868094932 43.8976533603295 58.2086910416877 66.0278860964508 52.7798155754412
"REPIN1-AS1;NR_183434.1" 418.852903387834 1.71259547243355 0.39948311789136 4.28702840178415 1.81079148819889e-05 0.00363759418534606 132.886335962283 206.895625660307 166.802399652606 239.221209303803 233.264189624924 404.126646206397 257.114826824787 860.657074687811 944.781370174215 742.779355781209
"GBP3;NM_001319181.2" 1947.66789761795 1.70616721685282 0.300324105286968 5.68108648895341 1.33841770055908e-08 9.82398592210363e-06 982.331036008481 904.186262774951 791.98304716946 1244.62732953818 644.906877198319 2432.17504505868 2110.22290796441 3262.45854076507 4547.18515573057 2556.60277397137
"FAM186A;NM_001145475.3" 108.101839976125 1.69941400087422 0.481343914890066 3.53056089067283 0.000414679554168637 0.0445817425335115 52.1266842724979 58.271236341036 51.2227841452885 55.2916946032374 37.4220625066723 182.598507574909 226.386469472556 256.395424826481 125.258783918267 36.0447521003013
"TRIB1;NM_025195.4" 2618.55519014046 1.69722360005481 0.391444489531332 4.33579637840058 1.45233341218141e-05 0.00304575064154615 1090.2552978121 948.053373278877 1359.37388693266 1615.87156473135 1158.83653562328 3899.45137750072 2553.58920690374 5520.12420045338 6419.26992622994 1620.72653193855
"DEPP1;NM_007021.4" 480.723219630521 1.6877768741931 0.439331417720443 3.84169400620256 0.000122188103158166 0.0172423809894997 218.051059562421 156.481185230422 183.876661034369 122.995810443936 457.796564664958 824.010524030934 433.332549599824 719.293110729427 486.470160798851 1204.92457021007
"MTURN;NM_152793.3" 1555.01968183495 1.6794470521689 0.467473343632702 3.59260495821652 0.000327388719327477 0.0367522724685034 834.026948359966 838.058230522764 638.314694733595 920.775975433505 467.775781333403 1115.05586097774 1072.35696065948 3482.82001399431 4700.60289107233 1480.40946126238
"TRIM47;NM_033452.3" 414.503370064148 1.67091854195504 0.31399986797698 5.32139886784136 1.02972350143334e-07 5.45867869482053e-05 211.443451696893 157.790651215614 212.771564911198 268.559659501439 139.709033358243 652.534768186476 387.553568238337 787.203250278062 497.151142373276 830.316610881941
"PPP1R15A;NM_014330.5" 5368.29511296821 1.66829363739759 0.448630545225433 3.71863586898499 0.0002003015458764 0.0253149317980478 1908.86449448584 1600.1674339044 4372.32431845296 2941.74383327837 2025.78098369453 9934.47108724808 7018.60766298296 13798.2316193105 7403.86222772702 2678.89746859739
"VXN;NM_152765.4" 1198.61376668366 1.65866111194536 0.442438232402577 3.74890999572599 0.000177604804951421 0.0229238097100063 447.114798900721 417.71964927619 773.595381066023 1014.4333356798 230.769385457812 1941.84707294129 1318.81092881104 3017.15048566081 1702.1600636335 1122.53656540938
"PAX8-AS1;NR_015377.2" 1898.969715968 1.65527739395999 0.458631020363711 3.60917016177252 0.000307178074172105 0.0355284022272754 587.342921380258 451.111031898582 1119.0208228663 1117.11791137153 1302.2877752322 1396.83223814918 1311.28561680641 4468.20999805717 3092.62966495876 4143.85917895964
"LOC100131496;NR_024594.1" 361.886353197441 1.62311114431563 0.378592927852485 4.28721992648542 1.80923149907532e-05 0.00363759418534606 113.797691017425 129.63713253399 261.367539613139 172.645495393782 210.810952120921 414.322501959311 383.163802902304 809.377989722515 778.74065660814 344.999770102884
"TAP1;NM_000593.6" 435.411191378977 1.59972261991109 0.397215289226472 4.02734402048409 5.64104657290903e-05 0.00952687900861911 207.038379786541 221.299751497417 147.101328827495 212.139562967523 291.892087552044 402.272854251322 272.792560167762 852.341547396141 741.842720260124 1005.3911210834
"CYB5A;NM_001914.4" 1545.3276228111 1.59723124207741 0.422931647564971 3.77657063800609 0.000159002480304243 0.0215205910221715 929.470173084258 1041.68019122009 580.524886979936 442.333556825899 843.243808483682 1017.73178333629 1225.99874742063 3301.26433479286 3354.79921269467 2716.22953327271
"EHD1;NM_001282444.2" 10166.3519969926 1.58794105346864 0.387962983206189 4.09302207222358 4.25787172065002e-05 0.00738702035608045 4565.85703507978 4817.5253595207 6146.73409743462 6240.06267665108 3606.23942355965 11537.0742324106 8024.49103426823 24821.848965634 22934.9804352672 8968.70671009998
"TWIST1;NM_000474.4" 292.617492874436 1.53486871059716 0.281007509842598 5.46202025510596 4.70746351951768e-08 2.72234041837804e-05 137.291407872635 115.887739689476 160.235376044236 139.921839404111 198.336931285363 351.293575486753 296.622714849083 518.334534514076 560.266033494884 447.984776103745
"PLAU;NM_002658.6" 18827.3112015318 1.52724383674718 0.304107117639029 5.02205883441372 5.11205177340981e-07 0.000183369374622194 12779.113611931 10501.2624682458 10307.6002556981 9228.07098908726 5676.92688226219 29390.94455174 23310.2810436687 41035.7412631745 26555.8331889975 19487.3377605129
"BBOX1-AS1;NR_125766.1" 203.114635142816 1.52223773402899 0.423631795495139 3.59330378459861 0.00032651154483118 0.0367522724685034 105.721725848446 68.7469642225705 95.8785446822066 80.1165370781603 174.636291697804 238.212266227165 213.217173464457 451.810316180719 457.340211050416 145.466320976216
"LOC286059;NR_038873.1" 424.915256376698 1.51532904596602 0.350847731998209 4.31905042491128 1.5670197866299e-05 0.00321559200086505 215.848523607245 293.975113675563 149.728138270843 306.925325144502 133.472022940464 735.028510187323 618.956912380645 824.623123090576 616.583936341857 354.010958127959
"PKD1L1;NM_138295.5" 1312.90788227841 1.51069086699579 0.26910569761003 5.61374538113639 1.97993494587459e-08 1.30293374162313e-05 656.355714642438 661.935055514465 736.82004885915 841.787840286023 513.929658424966 1969.65395226742 2129.03618797598 2565.34016948009 1882.7657520738 1171.45444325979
"IL6ST-DT;NR_102755.1" 556.91498509039 1.50946237659543 0.389921280547437 3.87119773118356 0.000108301894735824 0.0160219640243291 270.177743834919 292.665647690372 257.427325448116 433.306341380473 193.34732295114 423.591461734687 516.110981650731 1366.51831826438 1064.21416414279 751.790543806285
"PIM1;NM_002648.4" 2193.49683839063 1.49986583698616 0.298103522951169 5.03135897938332 4.87015271502281e-07 0.000180451618226459 1629.14242817849 1334.34583891046 895.742020181711 1234.47171216208 633.680258446317 3613.96741641913 2475.20054018886 3294.33472871647 3690.76463312661 3133.31880757619
"RCVRN;NM_002903.3" 82.0475253182125 1.47042274403582 0.375800872824525 3.91277096560235 9.12430653834211e-05 0.014031967899298 61.6710067449271 51.069173422481 19.701070825111 48.5212830191675 34.9272583395608 120.496477079889 99.0832747276008 152.451333680611 147.591745392066 84.9626299507103
"ITPKB-IT1;NR_103784.1" 441.021025799054 1.46679702471195 0.33328337529369 4.40105067772855 1.07727957925532e-05 0.00237805072827691 312.760105634987 226.537615438185 145.787924105821 321.59455024332 163.409672945802 554.28379456749 448.38317360908 576.543225555764 785.537644882775 875.372551007318
"AGRN;NM_198576.4" 4073.52735116267 1.4499786331151 0.361750737061869 4.00822578798814 6.11766174733149e-05 0.0099785860500918 2554.94170800412 2009.37555427685 2042.34434220317 2503.92388417518 1803.7434128216 4912.54868094932 2831.39864174125 7982.90620000288 9909.03790609236 4185.05318135999
"TMCC2;NM_001331034.1" 213.050827630929 1.4430179065414 0.374231958068543 3.85594515762094 0.000115283333460203 0.0166671752708676 113.0635123657 149.279122311867 131.340472167406 74.4745274247688 103.534372935127 214.112970811187 154.896005428591 465.669528333502 401.022308203444 323.115456327701
"FRMD6-AS1;NR_037676.1" 715.755818168489 1.42473874887948 0.343228545662519 4.15099142214226 3.31038174152321e-05 0.00607455049569509 361.215896648859 354.210548994387 496.466984792796 408.48149890555 321.829737557382 692.391295220593 686.057611088578 1913.9571982993 1024.40323281993 898.544177357512
"STARD10;NM_006645.3" 543.878433175204 1.38180757782654 0.355711733142783 3.8846274920931 0.000102486902124966 0.015400472757109 417.013474179983 354.210548994387 191.757089364413 218.909974551593 324.324541724493 566.333442275479 432.705440266105 946.584190035064 903.028442201459 1083.91718815906
"GPR108;NM_001080452.2" 556.296709569819 1.3683288602706 0.236593592280631 5.78345696973727 7.31809135979774e-09 6.07210676132087e-06 320.101892152241 265.821594993939 262.680944334813 370.115833262487 334.303758392939 811.960876322945 601.397851036514 984.004062847578 945.752368499163 666.827913855575
"LIMD2;NM_030576.4" 353.424015807586 1.32943815721859 0.323695168053829 4.10706828035662 4.00712801331317e-05 0.00712055121420918 182.810484279605 149.279122311867 153.668352435865 294.51290390704 225.779777123589 478.278324409406 279.690762838671 645.839286319678 551.527048570354 572.854095879789
"C10orf55;NR_160937.1" 854.195373744053 1.32672919098415 0.368225011219998 3.60303931171989 0.000314517939180177 0.0361581948874367 563.115025873322 533.607388965666 667.209598610424 481.82762439964 188.357714616917 1557.18524226318 1047.27258731072 1625.68558552142 989.447293121814 888.245676757426
"MT2A;NM_005953.5" 2460.91313130421 1.31333458322402 0.358745929188484 3.66090449080468 0.000251326440341 0.0303564163763775 1089.52111916038 1145.12800405025 1488.08754965671 1550.424252752 1788.77458781894 3461.02958012543 2251.9496173849 4820.23398673785 5281.25988939111 1732.72272596449
"LOC100287467;NR_148944.1" 216.089759183239 1.29206806627151 0.294146563609262 4.3925995613121 1.12003310445836e-05 0.00242894451880493 100.582475286369 134.874996474757 128.713662724058 92.5289583156218 169.646683363581 254.896393822842 225.132250805118 356.181752326518 278.67651926002 419.663899453508
"TRIP10;NM_004240.4" 1233.5683061552 1.26671060017368 0.331397114308595 3.82233443045048 0.000132194237069459 0.018149603023263 755.469832625357 943.470242330706 489.899961184426 648.831110140031 782.121106389451 1130.81309259588 1012.78157395617 1994.34062878544 2314.86000667557 2263.09550686892
"ADGRV1;NM_032119.4" 110.591593108577 1.20235508433687 0.314051389923409 3.82852973403526 0.000128911058789894 0.0179332218554294 69.0127932621803 74.6395611559337 56.4764030319847 72.2177235634121 62.3701041777871 136.253708698028 176.844832108756 185.713442847289 191.286670014718 81.100692225678
"LINC00882;NR_028303.1" 954.651982143676 1.19937780484949 0.277303190998205 4.325149669328 1.52428334431335e-05 0.00316189384161696 736.381187680498 714.313694922138 463.631866750944 590.154209744759 389.189450069392 1296.72747257511 1079.8822726641 1491.25122763943 1737.11600333162 1047.87243605876
"BAHCC1;NM_001291324.3" 2353.50390281174 1.19060181080724 0.272168753903001 4.37449851878135 1.21711949588241e-05 0.00260983241117079 1353.82543378149 1479.04183027416 1360.68729165433 1273.96577973582 1701.45644197003 3378.53583812458 1925.22565451731 3571.51897177212 2817.83713899853 4672.94464728906
"FBN1;NM_001406718.1" 807.922083440739 1.13863668660045 0.247676805971862 4.59726812986198 4.28066591896082e-06 0.00104733626150575 626.2543899217 459.622560802329 370.380131512086 405.096293113515 661.123104284544 1108.56758913498 964.49415525981 1011.72248715314 1133.15504521409 1338.80507801119
"PNRC1;NM_006813.3" 1567.23461632194 1.08455091733385 0.176089627246494 6.15908463373412 7.31666190037267e-10 9.97365540762229e-07 1223.14163377439 945.434441308494 966.665875152111 911.748759988078 972.973625173479 2255.137913349 1760.29589974921 2281.22632034805 2171.15225458329 2184.56943979326
"LOC100505942;NR_104656.1" 247.822300876742 1.07365359471833 0.272019098019892 3.94697873249994 7.91435840759147e-05 0.0123801324467603 151.240802255416 208.859824638095 161.54878076591 162.489878017677 112.266187520017 322.559800183088 230.14912547487 327.077406805674 402.964304853339 399.066898253336
"FAM20C;NM_020223.4" 6556.9636267192 0.95436693506985 0.24773348139054 3.85239382950153 0.000116968697547489 0.0167836889022277 5498.99810142267 4357.90279871838 3592.16191377856 3936.99433613664 4932.22783837941 8723.01804460643 5712.3389208463 7962.11738177371 10778.0814069206 10075.7955246092
"NFE2L3;NM_004289.7" 1649.07622745677 0.911091992956548 0.250384846820915 3.63876650094643 0.00027394704204812 0.032271637965718 1122.55915848802 1169.35312477629 1116.39401342295 1532.36982186115 783.368508473006 1712.9037664895 1826.14237978971 2152.33564732717 2455.654763793 2619.6810901469
