hoco_tf	gc	len	cpg_percentage_mean	cpg_percentage_median	cpg_percentage_stdev	promoter_percentage_mean	promoter_percentage_median	promoter_percentage_stdev	n_chip_samples
AHR	0.6322991759368786	9	0.048233296695358925	0.036231884057971016	0.043607443342427735	0.12144621545609212	0.12701612903225806	0.07402855872575896	5
ANDR	0.4561666666666666	12	0.04966125920996197	0.013358801697353628	0.09835640122359078	0.1234049283965643	0.07279243650744609	0.12635266423919542	229
ARI3A	0.1810402350488524	22	0.08315560424292155	0.0974726821747	0.041314862400258216	0.2186519445234097	0.23609339117121714	0.06719959290743469	3
ARI5B	0.4051282051282051	13	0.4605064415815193	0.4605064415815193	0.0	0.5979617542654301	0.5979617542654301	0.0	1
ARNT	0.6048888888888888	9	0.16750848743547553	0.15077146612305764	0.15513811634522154	0.28201114410005745	0.2977229842658832	0.17603883713422402	6
ARNT2	0.6891615541922289	12	0.4907306434023992	0.4907306434023992	0.0	0.6746945898778359	0.6746945898778359	0.0	1
BMAL1	0.5995565410199556	11	0.6945448212877952	0.7036775106082037	0.018495375145530648	0.7883812902930905	0.7914893617021277	0.01289319574529443	3
ASCL1	0.6235119047619049	14	0.08580159074390713	0.07680209171694613	0.04121419858230335	0.2558945653934121	0.2643531202653796	0.05347824444493117	14
ASCL2	0.641950567802271	9	0.4953553683300929	0.4953553683300929	0.0	0.6744450768355151	0.6744450768355151	0.0	1
ATF1	0.5141818181818182	11	0.41390455464873865	0.3388106978313256	0.2024828234179216	0.5625947069611772	0.5267349769985035	0.196945634121386	10
ATF2	0.4667272727272727	11	0.1901576271159044	0.14986330522866542	0.14631814107404156	0.3720447806329079	0.33990737903704504	0.12831183618646058	8
ATF3	0.5574545454545453	11	0.2464166303193677	0.1982259930582337	0.17775929632007195	0.3937556678803865	0.36527215474583896	0.1876063012628421	21
ATF4	0.3988333333333332	12	0.08065258206360806	0.02371171798125777	0.1095784227078049	0.19931848480089065	0.1411366069127935	0.16163487324593234	8
ATF7	0.4403022633804031	11	0.14074074074074075	0.14074074074074075	0.0	0.2857142857142857	0.2857142857142857	0.0	1
ATOH1	0.5911111111111109	9	0.6671015438138725	0.6671015438138725	0.0	0.7949678800856531	0.7949678800856531	0.0	1
BACH1	0.6001600739397099	13	0.2035975652931657	0.1799728342891639	0.1023655428868632	0.3175189712320955	0.3321691405762754	0.13438116471385214	5
BACH2	0.4974545454545454	11	0.10259926516675424	0.07624939739675397	0.05402436060899669	0.2036081043808995	0.17355594452672682	0.08000397740352795	5
BARH1	0.2886239948013971	13	0.5982658959537572	0.5982658959537572	0.0	0.7928571428571428	0.7928571428571428	0.0	1
BARX1	0.3063991323210412	12	0.28624067415637144	0.28624067415637144	0.19053066131701668	0.4630087704597509	0.4630087704597509	0.2183076152827675	2
BARX2	0.2448818897637795	10	0.6642675698560542	0.6642675698560542	0.0	0.8304514889529299	0.8304514889529299	0.0	1
BATF	0.3965454545454545	11	0.09866665024748812	0.06384311732908551	0.0816710956878789	0.21399949205087893	0.1799660869739899	0.10195885688916836	4
BATF3	0.38235294117647056	17	0.010423053341508276	0.010423053341508276	0.0	0.06097560975609756	0.06097560975609756	0.0	1
BC11A	0.4410348759029428	17	0.2742023951926055	0.3096169204256296	0.1734424507856976	0.3888142212898639	0.4452833415521892	0.17587927764622985	8
BCL6	0.4399999999999999	13	0.2309276841817373	0.17850956323236866	0.16127872385424422	0.3789739753157757	0.33523820828126405	0.17181898589789493	14
BHE40	0.6157999999999999	10	0.26371027196005065	0.2415841233772877	0.08525742233666464	0.4138517595707034	0.39417545390107545	0.11418271004855265	8
BPTF	0.3888888888888888	12	0.1976102496558457	0.10344827586206896	0.2092840012832073	0.3320981641658802	0.2	0.298950980792998	3
BRCA1	0.4743557129240377	9	0.4063193231657196	0.4271659196737647	0.28462294994594073	0.5231155948203061	0.5962613690389976	0.3156244067853057	6
PEBB	0.5217630853994489	11	0.4731998055273756	0.5390117035110533	0.23089121337196525	0.566491997076981	0.6400900900900901	0.17636783118019836	9
CDC5L	0.3233333333333333	15	0.2660878579038072	0.2660878579038072	0.0216032798884094	0.4593693827374719	0.4593693827374719	0.004949760751123414	2
CDX1	0.2654569892473117	8	0.0	0.0	0.0	0.0	0.0	0.0	1
CDX2	0.3581677704194261	12	0.08700560018861217	0.03902544868416974	0.11099368815200183	0.19047510798301626	0.15657342657342654	0.17487210288812366	9
CEBPA	0.4263333333333332	12	0.1971403799409218	0.054143885446474235	0.21321311691951725	0.31963606916310144	0.1803344559404748	0.2321542593073496	18
CEBPB	0.41152716593245225	12	0.052831811480522614	0.048802946593001835	0.03911663866726325	0.15004037936957662	0.13852611940298507	0.06966491364468161	77
CEBPD	0.4755454545454546	11	0.2333818316108241	0.2397189152640603	0.1809161723733032	0.3922058913335329	0.4162808800032775	0.2203610460087336	3
CEBPG	0.3968333333333332	12	0.1036175526902208	0.04656101213760422	0.1270686414432794	0.2633352629803773	0.18276526556666264	0.19167553669294432	5
CEBPZ	0.4910037878787879	11	0.3539124043429357	0.3869533936212639	0.2732556405302146	0.5709095338299287	0.691138915170654	0.3582307815285701	4
CLOCK	0.5518707482993196	14	0.18657486182648675	0.1327583889220161	0.20657249474258904	0.3182839420798401	0.3527470432090402	0.2352305915859997	4
CREB1	0.4894545454545454	11	0.3953148859683814	0.3689917009951731	0.16015098014704926	0.5479534145460175	0.5167142059920267	0.14155586597887534	30
CREB3	0.5707196029776674	13	0.2674764841114814	0.2641796200345423	0.024702612939739167	0.4361579920267276	0.3850342690827153	0.09377503480359099	3
CR3L2	0.5587177383731936	13	0.19230769230769232	0.19230769230769232	0.0	0.4166666666666667	0.4166666666666667	0.0	1
CREM	0.5352086438152012	11	0.1969497016044344	0.19540201378899846	0.12776757572559652	0.3668336074015585	0.371191484011567	0.14235176530500973	3
CTCF	0.6975789473684211	19	0.13978174843735205	0.1282400957589823	0.05405290459185698	0.2552342515306959	0.2487255599783096	0.06446432333522903	500
CTCFL	0.7473202614379089	17	0.3304156682498619	0.3665392578436057	0.12260065552146415	0.4716392420364609	0.5240211052485421	0.14535528162023048	7
CUX1	0.4740987196765499	14	0.11011793279430784	0.07901591895803184	0.07587209560074439	0.26168614152619657	0.23414634146341465	0.0970479158250029	13
DBP	0.3363636363636364	11	0.4944029850746269	0.4944029850746269	0.0	0.7136038186157518	0.7136038186157518	0.0	1
DLX1	0.2298915152676	16	0.4214624477950025	0.4214624477950025	0.0	0.6355551305345701	0.6355551305345701	0.0	1
DLX2	0.1482558139534883	8	0.004291845493562232	0.004291845493562232	0.0	0.07001166861143522	0.07001166861143522	0.0	1
DLX4	0.2283970276008493	16	0.36813186813186816	0.36813186813186816	0.0	0.6738738738738739	0.6738738738738739	0.0	1
DLX6	0.24402460456942	15	0.24503311258278146	0.24503311258278146	0.0	0.6762589928057554	0.6762589928057554	0.0	1
DUX4	0.23545454545454544	11	0.12837823767663872	0.011771986147090123	0.2366508997822588	0.09339379184595348	0.09339379184595348	0.014805795605603803	2
E2F1	0.6738571428571428	14	0.7150602454008148	0.7944922139736907	0.1927526810365308	0.7657833260547005	0.8206361201958612	0.17148242408842013	42
E2F2	0.7060606060606062	10	0.2274332648870637	0.2274332648870637	0.0	0.4161579892280072	0.4161579892280072	0.0	1
E2F3	0.6070909090909091	11	0.4904775063948586	0.4904775063948586	0.07108294770068369	0.7045670444131518	0.7045670444131518	0.20829217221131927	2
E2F4	0.709846153846154	13	0.5875177581522474	0.5719996696546767	0.2369537257609568	0.7150150896090149	0.7661425877836189	0.2332898110482901	12
E2F5	0.6264462809917355	10	0.2841519673054819	0.2841519673054819	0.02964197375389111	0.4224840108705318	0.4224840108705318	0.03227228719085907	2
E2F6	0.6635384615384615	13	0.4840869472396465	0.4802684305707279	0.12185634524057545	0.5832252396052031	0.5886362601356034	0.09732462506330587	6
E2F7	0.6553846153846155	13	0.24618967614830026	0.16044080706587796	0.1833100159107135	0.4303575948812039	0.2800435677114849	0.2330968582481594	7
E2F8	0.4970238095238096	12	0.4218321605036218	0.4218321605036218	0.18497831151365998	0.6109103390162934	0.6109103390162934	0.160127996266971	2
COE1	0.6159999999999999	15	0.12449254402235828	0.13150319638074198	0.042550488010081454	0.2759381118640155	0.2857107924427308	0.06286509725649315	6
EGR1	0.6750588235294117	17	0.4142282673518212	0.3899562589089422	0.13654051638686554	0.5825672869706325	0.5751741374449721	0.11606636518480792	10
EGR2	0.6861194779116467	16	0.3267139401347484	0.29357967555021125	0.10153837746669904	0.5254278056676809	0.4917534178374995	0.10625212523247254	6
EGR3	0.5928853754940713	11	0.19651419111907845	0.19651419111907845	0.0	0.4202324352879028	0.4202324352879028	0.0	1
EHF	0.4998666666666667	15	0.17279197722402712	0.18606098319850653	0.10979620566365086	0.32609088004561404	0.35904761904761906	0.1722222491024957	5
ELF1	0.5807142857142856	14	0.42376664754603466	0.37092208182448416	0.15861077829240114	0.5678704708829192	0.5011214941224317	0.15812176164046338	20
ELF2	0.5849230769230769	13	0.6611515430318722	0.6611515430318722	0.013120155427942691	0.8728367681269502	0.8728367681269502	0.02817767627895231	2
ELF3	0.4558571428571428	14	0.09246693748852147	0.11644269546917264	0.05191485917082907	0.17552061799136906	0.2150935951722036	0.0838301986522637	4
ELF5	0.5329333333333334	15	0.2489293259988199	0.2489293259988199	0.1736104149556556	0.4635141541378843	0.4635141541378843	0.17969783261563854	2
ELK1	0.5927272727272727	11	0.5171623107270245	0.5126227695558361	0.09826496486388284	0.6613118573786877	0.6674210202220451	0.08819092351745147	10
ELK3	0.6029874213836478	12	0.5361098803721754	0.5361098803721754	0.0	0.7079742687219323	0.7079742687219323	0.0	1
ELK4	0.629	12	0.6535047167604153	0.6417802609963996	0.12276766665872987	0.7935307082656897	0.7971360158472995	0.08588383464468498	6
EMX1	0.2283125054666317	12	0.38145130157422497	0.4403671528251925	0.22271887677711008	0.5400888064944158	0.590919935247	0.17485527012572125	4
EOMES	0.4453591629929102	12	0.046911494360746125	0.05104352046594402	0.020101706774821062	0.16636582954249532	0.15087861038174105	0.06431205818402544	5
EPAS1	0.5795555555555554	9	0.12201367654808755	0.13137735067753772	0.07391484153791385	0.19003842786090056	0.1750871080139373	0.12514138589045867	8
ERG	0.5626153846153846	13	0.3558008027933401	0.33329000739727577	0.1878304267706276	0.4837194884018418	0.4828280504940401	0.16643721264948638	46
ESR1	0.5933999999999999	10	0.11544791257335768	0.06518946692357097	0.13009034655574964	0.21014934994132625	0.15514157973174367	0.15802120624107893	449
ERR1	0.5112676056338028	15	0.25934710431342023	0.2952542546528621	0.13150417616005886	0.4625911269668245	0.5433344388477775	0.1903323641749144	4
ETS1	0.5752307692307692	13	0.4773619527315658	0.4801675393577113	0.12671802689570408	0.6156309991988147	0.6156452461740286	0.12618471597261008	26
ETS2	0.4967692307692307	13	0.305960016105966	0.305960016105966	0.05437580921302803	0.4874855650467381	0.4874855650467381	0.03459141970564194	2
ETV1	0.6381818181818182	11	0.3855883163076408	0.3331862117667829	0.15282367906510058	0.5284742432572754	0.5291962939021763	0.1463316114698135	5
ETV4	0.5145454545454545	11	0.17577471217787802	0.17165465655288664	0.14450759733422902	0.3099393923056211	0.3242330965535385	0.18340633178637047	4
ETV5	0.5174285714285715	14	0.19258041305369847	0.19258041305369847	0.23035794981059546	0.3317025071418285	0.3317025071418285	0.2481898835909735	2
ETV6	0.4917777777777777	9	0.1288623113100258	0.1288623113100258	0.015616797120100088	0.2489086695567309	0.2489086695567309	0.018972338400974644	2
ETV7	0.5279999999999999	7	0.3338926174496644	0.3338926174496644	0.0	0.5472176907739713	0.5472176907739713	0.0	1
FEV	0.6052208835341367	10	0.4816255944660614	0.4816255944660614	0.0	0.6986531986531986	0.6986531986531986	0.0	1
FEZF1	0.4105	12	0.15756716295382556	0.16100294158845774	0.015634657069848255	0.2981085423097233	0.29422090197137457	0.007414151922793768	3
FLI1	0.5443076923076922	13	0.2408602413673001	0.1812200119833952	0.21173818486275967	0.3720302857922243	0.3326210566197447	0.19088323764626214	24
FOS	0.4595555555555555	9	0.17631681162143747	0.08470829906715717	0.2027446529174347	0.28235412619905226	0.19504388669641493	0.23296409543360397	22
FOSL1	0.4708333333333332	12	0.1633475222736153	0.1553697982918408	0.1534841671097924	0.25070100496013936	0.2606963629779088	0.17794168527588947	11
FOSL2	0.4486666666666667	12	0.03722620281786389	0.021777815439369547	0.03877846273144269	0.0843571285347382	0.06009941256213285	0.062133314453267835	41
FOXA1	0.3176666666666667	12	0.04681465873443537	0.032789379588421014	0.058251026772264035	0.14508344319553604	0.130526793137329	0.08463738012898638	187
FOXA2	0.3423333333333333	12	0.0687592657252297	0.018411452916046508	0.13339687648344306	0.15661606069593587	0.10113212624457002	0.15222123296415396	40
FOXD2	0.18978360156589816	19	0.5430233859236879	0.5430233859236879	0.0	0.7231265581463557	0.7231265581463557	0.0	1
FOXD3	0.38752688172043015	15	0.125	0.125	0.0	0.25925925925925924	0.25925925925925924	0.0	1
FOXG1	0.2571945222909976	17	0.331397037467325	0.331397037467325	0.0	0.5547138047138047	0.5547138047138047	0.0	1
FOXH1	0.4204882500570386	9	0.10846476465192398	0.10846476465192398	0.09673606605053996	0.2550807667746573	0.2550807667746573	0.14242696751028774	2
FOXJ2	0.2026385224274406	10	0.3153689673274935	0.3153689673274935	0.019199631749789385	0.4895248284061161	0.4895248284061161	0.013435305983536004	2
FOXK1	0.34240000000000004	10	0.5391365804817716	0.5391365804817716	0.0	0.6748577929465301	0.6748577929465301	0.0	1
FOXM1	0.3661666666666666	12	0.3507112570261587	0.3685545033473573	0.185260252723154	0.5041917309859587	0.5390372798403518	0.2018324563724656	36
FOXO1	0.4444999999999999	12	0.08698924747417341	0.0803560969895748	0.06174077262541304	0.16978964935610458	0.19308943089430894	0.0915169412356088	7
FOXO3	0.3609999999999999	10	0.19448579952884248	0.1742209602180616	0.2105794623244424	0.3203096708713917	0.3115180035364463	0.2498781324168643	4
FOXO4	0.2668451584114235	9	0.040229885057471264	0.040229885057471264	0.0	0.125	0.125	0.0	1
FOXP1	0.335969868173258	9	0.14646228557383353	0.1847366908853355	0.1263985931267229	0.3252139564987475	0.34546615893882776	0.16922534571145378	14
FOXP2	0.3548888888888888	9	0.21771310244670905	0.27476092896174864	0.1955336037325308	0.3276253602666561	0.4768584160421309	0.28410622654881795	3
FOXP3	0.2052469135802469	9	0.4428958576931019	0.4428958576931019	0.03427559890974045	0.6046538608437872	0.6046538608437872	0.017252027397759485	2
FOXQ1	0.2051282051282052	12	0.1011904761904762	0.1011904761904762	0.0	0.273972602739726	0.273972602739726	0.0	1
GABPA	0.6139999999999999	14	0.4502158619086248	0.4041172595520421	0.1945666479739281	0.5947649006234095	0.5767472783179589	0.18717599883944933	31
GATA1	0.3807272727272728	11	0.10498739892461524	0.08265497808390733	0.11478717498651705	0.2312868105325059	0.2	0.15108630318094496	33
GATA2	0.4009090909090908	11	0.08819956199039243	0.04449786175475864	0.13688808311423212	0.18940032320722647	0.13675213675213674	0.15868643605244356	41
GATA3	0.3125454545454546	11	0.06479322353729514	0.03065577549230707	0.09466385804616048	0.1531538714861853	0.11896281538956666	0.11512588341906388	76
GATA4	0.3605999999999999	10	0.09887554776006097	0.04811581860762189	0.12346559785455093	0.23230948905528234	0.1785570334542523	0.1809783384263777	29
GATA6	0.342	13	0.041049830190313635	0.01945337485516912	0.07710677612699156	0.12569380247611958	0.09991661434116214	0.11221768556028734	18
GFI1B	0.4166	10	0.15699427523829873	0.16697221830489353	0.10906736090711	0.32159826048470785	0.33430799220272905	0.10796826949134636	3
GLI1	0.6609999999999999	12	0.0076335877862595426	0.0076335877862595426	0.0	0.019230769230769232	0.019230769230769232	0.0	1
GLI2	0.64543065669854	11	0.5093375143548353	0.5983291562238929	0.3137197173413679	0.5797794040043026	0.7011173184357542	0.313218986254872	9
GLI3	0.6112852664576803	11	0.25125628140703515	0.25125628140703515	0.0	0.4603174603174603	0.4603174603174603	0.0	1
GLIS1	0.6887898686679174	13	0.2503754289241799	0.25801096283492336	0.024103097251338555	0.3998109619972225	0.3950518446506737	0.031331547107814724	4
GLIS2	0.7512959972805303	14	0.5226076345352575	0.5226076345352575	0.04047029397378354	0.5728843452108976	0.5728843452108976	0.02880298112359422	2
GLIS3	0.7431486880466472	10	0.3402489626556017	0.3402489626556017	0.0	0.6563786008230452	0.6563786008230452	0.0	1
GMEB2	0.4857317197677054	11	0.8577949629661108	0.8577949629661108	0.06513364739068206	0.8980919886967662	0.8980919886967662	0.04486247733608551	2
GRHL1	0.4829999999999999	12	0.26037735849056604	0.26037735849056604	0.0	0.4591232227488152	0.4591232227488152	0.0	1
GRHL2	0.5182763246143528	12	0.09120810872499632	0.07734362794186778	0.057877773084722514	0.1992241499192164	0.18228488522831804	0.07766767440208355	18
HBP1	0.3333333333333333	9	0.4312608075125509	0.4095394736842105	0.05512487569088819	0.6368495599980829	0.6590143652484707	0.05889561574062345	3
HES1	0.6567307692307693	13	0.1641942260568194	0.15406480955088114	0.1094350348785288	0.27906563084350794	0.2620915032679739	0.13407677783829008	5
HES7	0.7274739583333333	12	0.0	0.0	0.0	0.0	0.0	0.0	1
HEY1	0.6443569553805774	12	0.5028968911601883	0.5385996409335727	0.09448132261464327	0.6384740951674938	0.6392731217792244	0.09824626302883406	3
HIC1	0.7120243531202435	9	0.3279666774154778	0.3279666774154778	0.03261059780449383	0.4269915508199553	0.4269915508199553	0.03323701394630649	2
HIC2	0.6190637720488467	11	0.0	0.0	0.0	0.0	0.0	0.0	1
HIF1A	0.59075	8	0.185445733467087	0.16758378386259234	0.09255198602275164	0.36804613650654255	0.3865427910657432	0.10683224620140308	12
HINFP	0.5865922473119379	16	0.3011592493647585	0.2781456953642384	0.14171670943849246	0.4790642802833814	0.4313725490196079	0.1337562885964884	5
HLF	0.3962025164928405	13	0.0391213495588711	0.0391213495588711	0.0005592533953197938	0.20296406643165146	0.20296406643165146	0.0031415582527166697	2
HLTF	0.5120370370370371	12	0.271893461210649	0.271893461210649	0.03659401913836504	0.4352018636818065	0.4352018636818065	0.029980301225093424	2
HMBX1	0.4016666666666666	9	0.09789890981169476	0.09789890981169476	0.0	0.2345990290896775	0.2345990290896775	0.0	1
HNF1A	0.2688	15	0.08384554071583243	0.0655515222127527	0.09198593182000456	0.2097772208610305	0.19215777763747285	0.15042837307032744	4
HNF1B	0.21309090909090908	11	0.04178138904074733	0.028311965811965805	0.039811255268852125	0.16636371960718555	0.13844086021505375	0.11517142752969915	3
HNF4A	0.4994285714285714	14	0.10799655550765264	0.09621824562007493	0.05453741117369711	0.2686080999823711	0.27009662564923165	0.08260321773525177	18
HNF4G	0.5081428571428571	14	0.09331689048101803	0.08694282564183338	0.07561555894432492	0.22090858734822927	0.2255276156264032	0.13598989031104144	9
HXA1	0.43243243243243257	10	0.5435041716328963	0.5435041716328963	0.0	0.7302060064532142	0.7302060064532142	0.0	1
HXA10	0.2673992673992675	12	0.21505376344086025	0.21505376344086025	0.0	0.4485294117647059	0.4485294117647059	0.0	1
HXA11	0.21017003435625686	13	0.2556390977443609	0.2556390977443609	0.0	0.2687687687687688	0.2687687687687688	0.0	1
HXA13	0.32884012539184954	11	0.20589079287651327	0.2586466165413534	0.11780742947791495	0.33309190907714953	0.2722371967654987	0.162618527699314	3
HXA2	0.2922870951778937	11	0.0201688555347092	0.0201688555347092	0.0	0.6060606060606061	0.6060606060606061	0.0	1
HXA5	0.2555413998677681	10	0.4473684210526316	0.4473684210526316	0.0	0.6205250596658711	0.6205250596658711	0.0	1
HXA9	0.2612727272727273	11	0.013012884266338004	0.01457725947521866	0.01086603529098092	0.08747034118736756	0.10687830687830688	0.034516114975697836	3
HXB13	0.2826	10	0.017066021690022932	0.008316604531115572	0.02283002593422929	0.08492898424266343	0.06749344670352668	0.0612016428071412	19
HXB4	0.37125	8	0.1914893617021277	0.1914893617021277	0.0	0.3829787234042553	0.3829787234042553	0.0	1
HXB6	0.29377030590629666	13	0.4315352697095436	0.4315352697095436	0.0	0.6601307189542484	0.6601307189542484	0.0	1
HXB7	0.2	10	0.10751588956119387	0.13204225352112675	0.0878588700516436	0.21899999095996167	0.2572614107883817	0.1502356021635403	3
HXC6	0.18	15	0.325503355704698	0.325503355704698	0.0	0.546875	0.546875	0.0	1
HXC8	0.3591492776886035	14	0.43387470997679817	0.43387470997679817	0.0	0.61198738170347	0.61198738170347	0.0	1
HXC9	0.3166	10	0.052397172231857074	0.052397172231857074	0.006305484206704193	0.2486804749779219	0.2486804749779219	0.008888215905603142	2
HXD11	0.27492668621700883	11	0.1	0.1	0.0	0.19117647058823528	0.19117647058823528	0.0	1
HSF1	0.4008307372793354	9	0.2493058343528396	0.20057800857981486	0.15131168852799765	0.4166324217633092	0.3965517241379311	0.15764549857949992	57
HSF2	0.4374588671649016	14	0.17861799217731422	0.17861799217731422	0.0	0.35076252723311546	0.35076252723311546	0.0	1
IKZF1	0.5822368421052632	8	0.1781457994365589	0.12788961671445356	0.18149106071089136	0.2870209275545788	0.2489962104012704	0.1833126441372641	18
IRF1	0.3455911823647295	20	0.2075825091146518	0.18606375092661231	0.08479831870875695	0.3602966390229904	0.3399079552925707	0.08276544475717204	13
IRF2	0.3690763052208835	20	0.15289373371154336	0.13348588863463004	0.0861285550315792	0.32862119950162777	0.29662077596996245	0.12923693895272334	3
IRF3	0.4212000000000001	20	0.5048089854927519	0.5539568345323741	0.157978539999352	0.7150301524891866	0.8032036613272311	0.15645896416665542	3
IRF4	0.4296666666666664	18	0.13616146113711025	0.12498385221547605	0.0889953221105668	0.30130086284387264	0.2849862798902391	0.10314511460031088	7
IRF5	0.35666666666666663	20	0.07087108266166675	0.030795066166818437	0.09730893141684822	0.15500404377589969	0.16713979090216713	0.1493065305550314	3
IRF9	0.31746031746031755	12	0.06142953422269457	0.08403827485785606	0.053813552394778114	0.15766198178558188	0.22550235673530145	0.136980907480663	3
ISL1	0.4533333333333334	9	0.005549389567147614	0.005549389567147614	0.0	0.07654320987654321	0.07654320987654321	0.0	1
JDP2	0.4763276544283715	12	0.016094420600858368	0.016094420600858368	0.0	0.12448132780082988	0.12448132780082988	0.0	1
JUN	0.4478181818181817	11	0.1214081867569922	0.10636120853537287	0.08509771856583485	0.22430275758203888	0.2190529187024158	0.11297602858513285	32
JUNB	0.4541818181818181	11	0.1813457283345114	0.11130710883753747	0.18975513832825736	0.2928965883263525	0.2271407837445573	0.22298877078620505	9
JUND	0.4739393939393939	11	0.15141193280187645	0.12823856227677305	0.11880332158483067	0.2646141319830245	0.2508704154146993	0.14341803667496542	25
KLF1	0.7741747005550685	14	0.4084156119678181	0.3857032655754249	0.14088878636887253	0.5213844372554062	0.5237378162651107	0.11657669824914944	6
KLF12	0.8533789219629927	11	0.7991733181299886	0.7991733181299886	0.0	0.8224346935291105	0.8224346935291105	0.0	1
KLF13	0.7595252485749161	11	0.5276315324063241	0.5276315324063241	0.0016761051011639915	0.6216760520617951	0.6216760520617951	0.011537440028734459	2
KLF15	0.7238764970882322	19	0.4685557478223861	0.5637434815136472	0.2680809134753409	0.552307958575015	0.6564051047726547	0.2498049454281468	10
KLF16	0.7570040485829957	19	0.13489047606846852	0.13489047606846852	0.01700124717100061	0.2439023052688761	0.2439023052688761	0.02291549803502824	2
KLF3	0.740435425914183	19	0.3	0.3	0.0	0.4919886899151744	0.4919886899151744	0.0	1
KLF4	0.7589999999999999	10	0.2065742135486803	0.2325017325017325	0.11422747224511873	0.32629954789801324	0.3601868067717455	0.13742509491704838	9
KLF5	0.7022857142857146	14	0.2862899980577945	0.2680612274877339	0.1256365440082533	0.4407313767864185	0.47577260587562004	0.15958392295499524	11
KLF6	0.6939728353140917	19	0.36944437024241306	0.36944437024241306	0.17038687486291845	0.5148913272865687	0.5148913272865687	0.03265143145608307	2
KLF8	0.7142857142857143	9	0.4176444877725768	0.4176444877725768	0.0488966191776447	0.521011046224334	0.521011046224334	0.0016150691602726788	2
KLF9	0.7802083333333333	15	0.5440808034877683	0.5779011435948708	0.12997611114875146	0.6599376235534451	0.6859699145703442	0.11567313901595695	6
LEF1	0.4304511278195489	14	0.3807503794565357	0.19531002583477747	0.31938161586438696	0.4881671873384162	0.3174826814883801	0.28597091912750777	6
LHX2	0.3248062015503876	12	0.11514385947457145	0.11514385947457145	0.14530717005212665	0.053303408612708665	0.053303408612708665	0.0	1
LHX3	0.1402014938207094	13	0.08029197080291971	0.08029197080291971	0.0	0.18055555555555555	0.18055555555555555	0.0	1
LMX1B	0.17571859120696295	18	0.018867924528301886	0.018867924528301886	0.0	0.0967741935483871	0.0967741935483871	0.0	1
LYL1	0.5321665089877009	14	0.11901648394960455	0.021634151052733242	0.24270362817242802	0.0971923993037943	0.08860892735001355	0.037128832329721716	6
MAF	0.4987399193548386	8	0.26744338003639245	0.2736619910984537	0.2532049760661159	0.40492157361883374	0.410641522473669	0.2583742673637382	6
MAFB	0.4877955025946569	11	0.6246895181321411	0.6246895181321411	0.0	0.780699133552435	0.780699133552435	0.0	1
MAFF	0.530069304717192	9	0.03224053728581465	0.03224053728581465	0.003978958881811351	0.18558631726911765	0.18558631726911765	0.022548232246099448	2
MAFG	0.5220883534136547	8	0.036575196482828636	0.036575196482828636	0.001163060215500482	0.1432104386906718	0.1432104386906718	0.0031287857369298746	2
MAFK	0.5151401166071092	13	0.09178919421037822	0.08471567267683773	0.05379158279531286	0.2719403176116431	0.254418542216654	0.0900724761727182	9
MAX	0.6634	10	0.30414892842217706	0.25114540520351514	0.16627559436157582	0.4342945716462519	0.4044924309435075	0.1602617989177249	36
MAZ	0.7977927422371867	11	0.35593407631835844	0.3557063813152783	0.14135887051290674	0.4820825272400194	0.4732697109478804	0.10064286230517364	10
MBD2	0.8133116883116883	11	0.5241125436315506	0.6257874842503149	0.22096968242621973	0.5864919522460941	0.54856888625241	0.18830886675592	11
MECP2	0.8476019202413125	7	0.3450843137258515	0.35318258630401544	0.0909273037429589	0.5312932347264836	0.5274654514834811	0.05928275923922501	5
MEF2A	0.2750769230769231	13	0.18325567800751466	0.1756003352403163	0.01514789081516906	0.32342418695859165	0.3248215916393276	0.035168353238432974	3
MEF2B	0.3097142857142857	14	0.03729296441824539	0.03577073611320186	0.019690456564126976	0.1106394047251848	0.1094305702320642	0.034691733383255416	14
MEF2C	0.28	13	0.1098273154365629	0.043478260869565216	0.1242939444722942	0.19036693658113826	0.0979020979020979	0.18553855018439336	3
MEF2D	0.2555000000000001	12	0.10938738969405172	0.14880223815352334	0.07245152109162056	0.2241591502240282	0.2850403701351719	0.10753165577378623	3
MEIS1	0.5182222222222221	9	0.0346704739290517	0.03109463217325356	0.016199655414086498	0.12947124123378556	0.130939226519337	0.03595229364017928	5
MEIS2	0.4539193540245025	13	0.02985074626865672	0.02985074626865672	0.0	0.0273972602739726	0.0273972602739726	0.0	1
MEIS3	0.4756733420107279	11	0.0	0.0	0.0	0.05952380952380953	0.05952380952380953	0.0	1
MITF	0.5646	10	0.24712845306443515	0.20885896527285613	0.21033351983168674	0.4114720171665041	0.3865151447362534	0.2281193133535295	9
MSX1	0.2561314831345056	18	0.08852459016393442	0.08852459016393442	0.0	0.2432432432432433	0.2432432432432433	0.0	1
MXI1	0.6490909090909092	11	0.3631575696239049	0.35438936498803864	0.06521191640270624	0.5137038769616857	0.5018394012431815	0.06400468794344391	7
MYB	0.5118333333333334	12	0.2132606719776728	0.21390469416785207	0.04170658392668705	0.3603630503317613	0.35498638233760216	0.04689201917293336	13
MYBB	0.43684210526315786	10	0.24409847490711395	0.19337705523739146	0.1653267975308267	0.4592172152007718	0.4307692307692308	0.17721654110966395	5
MYC	0.6307272727272726	11	0.4519401900064238	0.43572811045057	0.1979013938298552	0.5813475070603582	0.5920514437019291	0.17998304231987505	146
MYCN	0.6691716766867066	12	0.5832186714511081	0.6617315738654651	0.2137173350813382	0.6790716086360479	0.7295304617772603	0.14729237543197052	11
MYNN	0.34490517518482805	17	0.20223874309867854	0.2002055373606635	0.1307250242048557	0.3512829012234226	0.3885720191636239	0.18865914778544746	6
MYOD1	0.6098181818181817	11	0.08561992005791348	0.1083000161615338	0.05767841328362685	0.20017980474429345	0.2548698633248124	0.1346494522242976	4
MYOG	0.6204615384615385	13	0.02871980869707742	0.02871980869707742	0.00020781926345201168	0.13721900693263833	0.13721900693263833	0.0333771031876066	2
MZF1	0.5359999999999998	13	0.2936695712389636	0.2936695712389636	0.17668488444444289	0.4637381719954658	0.4637381719954658	0.22703683364843866	2
NANOG	0.4743636363636362	11	0.08851420971240685	0.03551340028618695	0.1191589804727085	0.1946337790932726	0.11457051967784054	0.1705185487836412	18
NDF1	0.5568000000000001	10	0.19676592051514308	0.17760130728323034	0.11690352729614645	0.4638282954678311	0.4626860132853378	0.1440556150413313	9
NGN2	0.5683656957928802	12	0.10862623620186372	0.0824345564351778	0.0458951186632623	0.2409309004199074	0.20981819131477086	0.07020421018634619	12
NFAT5	0.4792727272727272	11	0.4506151993198564	0.4506151993198564	0.2531066212867557	0.6056585777435389	0.6056585777435389	0.21874798785994007	2
NFAC1	0.344	10	0.5256822265176097	0.7325612894487336	0.3697479426375666	0.6316249962386246	0.8220364741641337	0.3465407142921939	3
NFAC3	0.3764309764309763	9	0.19159472329086247	0.19159472329086247	0.033732936017055085	0.3869435775614452	0.3869435775614452	0.058980458726992875	2
NFE2	0.5232307692307692	13	0.2391971530625676	0.2875261188590311	0.15627092637003018	0.37640350005163736	0.4236944927701566	0.18951571808466566	9
NF2L1	0.3933025947830508	7	0.015846148308710856	0.014026769138698459	0.0042593877570232105	0.10379058595997834	0.1058245785269189	0.01438968571064624	4
NF2L2	0.43757142857142856	14	0.20056072562677504	0.15463917525773194	0.1963901624654638	0.3033764347859904	0.2222222222222222	0.2430123328616024	9
NFIA	0.5603310399006972	7	0.12247182520153126	0.12247182520153126	0.028386143340203927	0.2591015591759777	0.2591015591759777	0.00956328923613746	2
NFIC	0.5717777777777776	9	0.186686927364126	0.18201261897123305	0.05840375823880228	0.3280797055136539	0.33165816581658164	0.06299612305883069	5
NFIL3	0.31636363636363635	11	0.05670599566578378	0.05670599566578378	0.0	0.1934101259040986	0.1934101259040986	0.0	1
NFKB1	0.4763257575757576	8	0.21538050019543373	0.1996688458493195	0.0367359975281287	0.4302253022384618	0.4179421693499571	0.07228242197473159	4
NFKB2	0.6343636363636364	11	0.1203655898425008	0.1203655898425008	0.03174557256987544	0.2943384618709991	0.2943384618709991	0.03829970304514878	2
NFYA	0.4755714285714284	14	0.4941157076031672	0.466421759865913	0.12140420680250033	0.6607459081244403	0.6528861364826946	0.10871379404139556	6
NFYB	0.5219725568317364	13	0.3471319976220644	0.2839080459770115	0.13177099095125264	0.5408754163496335	0.4737324024264622	0.11022225016565934	5
NFYC	0.501173708920188	14	0.6748562467328802	0.6748562467328802	0.0	0.7936845301351146	0.7936845301351146	0.0	1
NKX21	0.5335999999999999	10	0.08661794388757367	0.0912751677852349	0.0616273873642554	0.2283729253298933	0.2505827505827506	0.1164566518872002	13
NKX22	0.52775	8	0.2803030303030303	0.2803030303030303	0.0	0.5796559461480928	0.5796559461480928	0.0	1
NKX25	0.5370741482965932	8	0.04842105263157895	0.04842105263157895	0.0	0.17857142857142858	0.17857142857142858	0.0	1
NKX31	0.39899999999999997	12	0.044881101003241934	0.04162659706003572	0.009176465107272469	0.15704922046251846	0.14693405322020825	0.028516314960866988	3
NR0B1	0.6927631578947367	10	0.6284837637432882	0.6284837637432882	0.0	0.6514148103552077	0.6514148103552077	0.0	1
NR1H2	0.4364035087719298	19	0.16714875224657305	0.1637238364494663	0.021834143917563883	0.2943052342415489	0.2919199443199725	0.016840169500876738	4
NR1H3	0.5237999999999999	10	0.12700140644663954	0.1505991449388812	0.058063765735466163	0.2329288002825885	0.2651599477326623	0.08327928844849339	5
NR2C2	0.6173333333333333	12	0.4532558510191364	0.5031168831168831	0.16632358850852869	0.6767295208579743	0.7218543046357616	0.15206251207105467	17
COT1	0.5934985516575475	13	0.17819270769417705	0.16408237722624933	0.037640030015893736	0.3337254931418269	0.3220224326801379	0.059508618444632386	5
COT2	0.5136451730352058	13	0.17914239543657395	0.15850902537403094	0.09166429582631846	0.3407874304846497	0.303435248023508	0.12464812468491973	13
NR2F6	0.4651416122004358	18	0.1022001314425989	0.09692770409161412	0.022851457506274608	0.2489578741683736	0.23459573707577044	0.0354127661241439	4
GCR	0.4505000000000001	12	0.07812549314176563	0.030692922317938017	0.12162809555175265	0.15253891842583034	0.1019057519057519	0.14844702161907594	124
MCR	0.4556489262371615	17	0.4500145401672119	0.4500145401672119	0.09228116197077224	0.6713554987212276	0.6713554987212276	0.11754972065761014	2
NR4A1	0.4224937768725956	9	0.25570876443591983	0.2096621367439055	0.18039805470758408	0.4064436929049512	0.35303283528078544	0.20048252223631646	6
NR5A2	0.5576363636363635	11	0.3036263664312402	0.2558500261039211	0.3184833197582596	0.39711579372147465	0.3986273980862913	0.3154816557707029	4
NRF1	0.6910588235294118	17	0.6535758349388392	0.6325187151109691	0.11375519840426833	0.7402398965285569	0.7167833185195396	0.08565862782949057	24
OSR2	0.5835095137420719	16	0.17422224382674395	0.17130357087839296	0.05005716568392782	0.29800011527321624	0.2861815619967794	0.05067168841292246	3
OTX2	0.4189090909090909	11	0.08005536123604454	0.06436647783999765	0.05852118232326872	0.24348559963653504	0.2292621852529916	0.08571956118250762	22
OVOL2	0.4644670050761421	8	0.7592592592592593	0.7592592592592593	0.0	0.8734439834024896	0.8734439834024896	0.0	1
PATZ1	0.6729390681003584	9	0.4267960940346389	0.4355362119094046	0.2550708052569733	0.5281556545557231	0.4995631888106944	0.1802143578243048	4
PAX3	0.2138516233914219	13	0.130771541330794	0.014940752189592994	0.20252247307463475	0.06284434733067919	0.06284434733067919	0.008333852399486313	2
PAX5	0.6289486091466289	21	0.201051464790538	0.1431686075647441	0.1218336563186872	0.3528302236350765	0.3202088707754979	0.103555871560629	12
PAX6	0.4586666666666666	12	0.1521317416887619	0.07798112798246999	0.1871909371444996	0.2960501863394424	0.26465352869260056	0.21306403122576253	4
PAX8	0.5208423795049935	14	0.0259550911050834	0.02714250485166244	0.0066990978115593755	0.15209222416669227	0.17662337662337665	0.07926807569335584	4
PBX1	0.5328	10	0.14747679849908796	0.08547948073701843	0.13469413826532342	0.2523754579217074	0.18964364192223174	0.22076299674537425	3
PBX2	0.3516877637130801	15	0.27441669348160536	0.29000517866390474	0.17380887096682462	0.4650040570657436	0.5032608695652174	0.20170846911928333	7
PBX3	0.4684444444444445	9	0.16178932504084534	0.12002429572343938	0.18173749987612334	0.2648160883324299	0.2395317053893399	0.2321822417482895	5
PDX1	0.34300494826810624	9	0.05257522942794567	0.02885637210823183	0.06428371833652173	0.17735002795666033	0.1409961685823755	0.1690723503218562	3
PRGR	0.4993333333333333	9	0.024395147778299042	0.024395147778299042	0.0	0.07938442785311595	0.07938442785311595	0.0	1
PHX2B	0.1325711333150847	11	0.0036960600375234532	0.0036960600375234532	0.0	0.07256155303030302	0.07256155303030302	0.0	1
PITX1	0.4342222222222221	9	0.07017543859649122	0.07017543859649122	0.0	0.14545454545454545	0.14545454545454545	0.0	1
PITX3	0.3864501860151741	18	0.1839182875149408	0.1839182875149408	0.0	0.3649521076838685	0.3649521076838685	0.0	1
PKNX1	0.5554924242424242	11	0.14821085703326675	0.14821085703326675	0.007991835437647924	0.2790164878872408	0.2790164878872408	0.004278011931797645	2
PO2F1	0.3512126865671641	16	0.33131356184267696	0.349738219895288	0.17710895675173266	0.5323935056579109	0.6071428571428571	0.131578199268105	5
PO2F2	0.3481818181818181	11	0.2217984930582952	0.195846620464537	0.06259670672569917	0.4561309976362433	0.4503586987458492	0.13563679213289045	4
PO3F2	0.3830645161290323	17	0.3880478629063637	0.3880478629063637	0.0007935413556074503	0.6524052137922	0.6524052137922	0.02049452066909539	2
PO5F1	0.3830578512396694	10	0.14698466801185964	0.09976237699592336	0.13696702362315666	0.27767369899105404	0.2448834280750481	0.14721716045226688	26
PPARD	0.5110913930789707	14	0.3570436641292316	0.3570436641292316	0.04392936536978823	0.6006349053873634	0.6006349053873634	0.022016534160078226	2
PPARG	0.4868888888888889	9	0.119982307422607	0.09391410994463534	0.1008019315522536	0.2781539386398826	0.2687673040796117	0.16089948446800165	30
PRDM1	0.4094285714285714	14	0.1301072158651546	0.11102008007296224	0.08340019980546799	0.3007903387184702	0.2659359300580675	0.11071873960344647	9
PRD14	0.4855714285714287	14	0.3098224484037021	0.3098224484037021	0.0217783527420054	0.4804048313636696	0.4804048313636696	0.04801929793152423	2
PRDM6	0.3249230769230769	13	0.005748778384593274	0.005748778384593274	0.0	0.08039707646994655	0.08039707646994655	0.0	1
PROX1	0.6174948634046116	17	0.17828647819022475	0.16998091271906993	0.05081463087319898	0.2918989628407813	0.3083603798533477	0.06629072506999853	3
RARA	0.6132000000000001	10	0.18798985801622686	0.1320910973084886	0.17902244299959344	0.3095080206681596	0.25255474452554744	0.1883114901381477	13
RARG	0.6116412213740459	8	0.2717262621756303	0.2910692579700536	0.14414161802061598	0.3854668764231884	0.4503980671547295	0.17022328577383208	6
SUH	0.5881818181818181	11	0.2806805957469797	0.27475847980593265	0.20044360321552265	0.4395762775830692	0.44251598590630303	0.2188261250204876	15
REL	0.501123595505618	15	0.4890491193490541	0.4890491193490541	0.09990028545181646	0.6503413210649347	0.6503413210649347	0.09654630138231812	2
TF65	0.5244285714285712	14	0.25446745890941763	0.2	0.1976693071467809	0.390536835366986	0.3565794022439423	0.21709950377248527	139
RELB	0.5620411160058736	12	0.13471704014778638	0.12832528283726669	0.042053421348568085	0.3569099763953218	0.3649884892447126	0.026012681101261783	4
REST	0.5978181818181818	22	0.2082031186847388	0.14628657164291073	0.11769233769294887	0.4805821172426972	0.4584691246067957	0.09945867408101944	79
RFX1	0.5729090909090909	11	0.2509053936224105	0.17892679459843638	0.18197058382358125	0.4270843954496733	0.3675088490174539	0.1603387948209319	9
RFX2	0.5886666666666666	12	0.44882309021746414	0.5403836446239273	0.1959249881566835	0.6216157043743251	0.6761904761904762	0.1947451446595883	3
RFX5	0.5389221556886226	11	0.2869766044673984	0.27075188653513954	0.13672056160929205	0.466554087692915	0.4712356178089045	0.19301259026596546	9
RORA	0.5386153846153846	13	0.4603658536585366	0.4603658536585366	0.0	0.74	0.74	0.0	1
RUNX1	0.4714545454545455	11	0.2415636788155567	0.2119991209435206	0.15814946404563496	0.3654999003839521	0.33318495437346984	0.17140827018521562	71
RUNX2	0.48700000000000004	14	0.1817236377351591	0.19896347159619746	0.11474943047847673	0.30847589874206466	0.3316083148089406	0.13255664578979234	4
RUNX3	0.4715999999999999	10	0.12543836981800732	0.12543836981800732	0.0	0.25143805965723776	0.25143805965723776	0.0	1
RXRA	0.5325999999999999	10	0.1879674641450076	0.1639037680088659	0.1107865388518366	0.310033845879843	0.27592873912443033	0.12840609236369058	15
RXRG	0.4668147218787414	13	0.2125820231408873	0.19103889709502708	0.11786677739676682	0.3324932753659741	0.3390688259109312	0.1123838466830978	9
SALL4	0.7207999999999999	10	0.09181089872259313	0.017480409885473176	0.13707859098730396	0.18000413209430827	0.0901015228426396	0.15904168904106844	3
SCRT1	0.5023635582294801	13	0.10587541937859488	0.13138968798406728	0.06583647745127573	0.2933295732918655	0.30924838690926	0.06927994822522822	3
SCRT2	0.5167968332085162	13	0.12626743189055664	0.12626743189055664	0.006636921831805587	0.28415182124848	0.28415182124848	0.009722141708740615	2
SIX1	0.39442857142857146	14	0.1872188133103431	0.18733958402478149	0.12506022232639288	0.40058252248896203	0.4005853042457251	0.14957698856860166	4
SIX2	0.3933846153846153	13	0.056993485262457164	0.053940532407542124	0.02599373504239557	0.2043287834817616	0.20079078310533727	0.060323848668333326	6
SMAD1	0.5930626057529612	12	0.1018922811770115	0.05570409982174688	0.1573649325104663	0.18686783346315256	0.1329860159034823	0.1503761318276206	19
SMAD2	0.5536666666666668	12	0.17346367698518855	0.1338219485073502	0.1825443587208017	0.2868554313907249	0.23648157638870976	0.2293467043177221	8
SMAD3	0.5688333333333333	12	0.17827792840563006	0.16149547132638775	0.15861070832197582	0.2735185296390191	0.25012839947508936	0.2068628639880644	16
SMAD4	0.5565701903730074	13	0.371039528106461	0.36345274163844826	0.2804358408717046	0.4658204682176634	0.4775850785340314	0.2849654821478749	13
SMCA5	0.4666666666666667	15	0.12654880689380266	0.12381698716016636	0.005339795122789325	0.30368822225553826	0.31085043988269795	0.015018546061410763	3
SNAI1	0.6785714285714285	8	0.08720238095238096	0.08720238095238096	0.08291668803199398	0.1794317884262896	0.1794317884262896	0.10600121294299517	2
SNAI2	0.625	10	0.15380606791672607	0.14645347085985255	0.08419324575952722	0.3529609143202683	0.3624667110501109	0.0967547645157547	12
SOX10	0.4555384615384615	13	0.016820057124722308	0.016820057124722308	0.0	0.07849056603773585	0.07849056603773585	0.0	1
SOX11	0.3306818181818182	16	0.02041261922412357	0.02041261922412357	0.012070919971833656	0.1954048414935221	0.1954048414935221	0.0777730946055008	2
SOX13	0.2767857142857143	8	0.2023813827955853	0.2023813827955853	0.08791421707180896	0.3806029531103551	0.3806029531103551	0.09885740426296767	2
SOX15	0.3316326530612246	7	0.07142857142857142	0.07142857142857142	0.0	0.16666666666666666	0.16666666666666666	0.0	1
SOX17	0.43463636363636377	11	0.20246932000447607	0.20246932000447607	0.21279934016983348	0.3214285714285714	0.3214285714285714	0.2525381361380527	2
SOX2	0.4304615384615384	13	0.0728969248349601	0.038341380289690426	0.11292885229941148	0.16832116955437365	0.11351351351351352	0.1641552640834187	27
SOX4	0.44716666666666666	12	0.16266768118084074	0.15665352640754318	0.022560965715355208	0.3976327608861921	0.3925354941034141	0.02798551544070401	4
SOX9	0.4262222222222222	9	0.3721195191009276	0.3661193893963765	0.2264188878068724	0.5123530874876902	0.4987920052712497	0.2236675244114341	3
SP1	0.8454034391534393	14	0.4563630142684128	0.38125554905909614	0.2642551369407032	0.5930664051871359	0.6136363636363636	0.20262515237836407	23
SP2	0.7914993306559571	12	0.6176380719314818	0.5801158909113813	0.1038816383401525	0.7415574315013763	0.7629375951293759	0.12222230261820333	7
SP3	0.7584789156626506	20	0.3846057091017624	0.5457883187035787	0.3041536840046156	0.4252659821348857	0.5869866402770906	0.3129749576484589	3
SP4	0.7269405241935483	16	0.45193867038554	0.4812020512690982	0.2264600467484634	0.5918863977526091	0.6039704151872503	0.16452566860433768	4
SPDEF	0.4940827951093372	14	0.2746221917493117	0.2537339620572431	0.0755861767283196	0.4435097255243824	0.4111156548027632	0.14007735443264194	4
SPI1	0.456235294117647	17	0.15587358741179028	0.07787547493922234	0.1914926158702586	0.2863453961826854	0.2266702350936008	0.18698055593083704	75
SPIB	0.4452941176470589	17	0.11690080432074228	0.06627979421398494	0.13163832360322522	0.29639856078822197	0.22515262576688386	0.1796900594537688	6
SRBP1	0.5770909090909091	11	0.3300913186657673	0.3288102107655672	0.19718508187513573	0.48894806057046997	0.5243011234670504	0.23318193490158245	6
SRBP2	0.6329899368345067	13	0.4378802501392714	0.4378802501392714	0.05161337447937777	0.6266148601308976	0.6266148601308976	0.05188297376441396	2
SRF	0.4198473282442748	18	0.30212608709431155	0.2881969387709363	0.12771469468331842	0.4308044654944075	0.4192754983224301	0.1367263506533637	16
STAT1	0.4817894736842106	19	0.24240302094950925	0.2059679767103348	0.1808483837394023	0.3800192509833267	0.3498000773893977	0.1830244313705877	27
STAT2	0.3604210526315789	19	0.3729463166966373	0.366050024466322	0.1762890689783732	0.535027771452758	0.5293117211178262	0.16656640495121547	4
STAT3	0.4583333333333333	12	0.22253456762428825	0.18903184224725986	0.14625355326447895	0.3654696665444288	0.3353983550425359	0.16690025302905742	36
STAT4	0.4196363636363637	11	0.12691299338756928	0.03653869610294566	0.1770608905145588	0.2544876890529729	0.2544876890529729	0.10064756599500206	2
STA5A	0.389	10	0.2823534538560409	0.2826604533344421	0.08714987547933943	0.5259908882643145	0.5380589687899795	0.17229419048888542	6
STA5B	0.3633333333333332	12	0.2867043132414733	0.23832353460674724	0.17280019879667935	0.5199750675191346	0.4931740614334471	0.1333358902534114	11
STAT6	0.4285454545454545	11	0.1806880371226484	0.08401023700901303	0.20088753307268067	0.29545969268480937	0.19044635110382724	0.2517526732607318	6
TAF1	0.6260000000000002	16	0.5043228227513951	0.5059284890426758	0.09625166970491666	0.6287599482741546	0.6322537112010796	0.0791841955208047	13
TAL1	0.5246666666666667	15	0.13965952964490333	0.0680775974692338	0.1844356015259172	0.2602229742410552	0.20759981757385249	0.21389960049225248	48
TBP	0.2953020134228188	10	0.4185144378503045	0.3808925580282364	0.2291447189468445	0.5417118935763152	0.5136123527021536	0.1522164255537122	7
TBX21	0.5425101214574898	13	0.12746553918995773	0.11071824736550194	0.053018381595212924	0.27444034931410777	0.23752997965937034	0.07694858504398794	3
TBX3	0.5590909090909091	11	0.11194029850746268	0.11194029850746268	0.0	0.2537313432835821	0.2537313432835821	0.0	1
TBX5	0.5084382151029749	8	0.1318649902991912	0.0656896100497252	0.12159322288747712	0.3143408035833851	0.22036018009004504	0.18382558447514485	7
HTF4	0.6234	10	0.2275670008085725	0.2263968882291809	0.11934684823882775	0.357009096366618	0.3895541120248823	0.12200224865181712	14
ITF2	0.6406438631790744	10	0.07836577235683774	0.050504093607541885	0.09662221248831848	0.16362449308131133	0.12229841432202115	0.11481655189655125	18
TCF7	0.426875	16	0.11322822062711405	0.055031446540880505	0.1383788478361661	0.20624897937308467	0.128060263653484	0.1798757906406441	9
TF7L1	0.39430769230769225	13	0.19469742985893496	0.15760620287148835	0.13610547222218847	0.3057844987376743	0.2820208986253763	0.16470304506564915	14
TF7L2	0.4418461538461539	13	0.2216521777222385	0.2102421034640426	0.16585153673813186	0.3430380327467801	0.3432707558069045	0.18807471031324927	18
TEAD1	0.4718333333333333	12	0.03163037306262472	0.032768468624361835	0.02213732056182525	0.08905711565126419	0.08748060524132052	0.04548797264333775	6
TEAD2	0.4913419913419914	12	0.25121246736104424	0.13296349319971368	0.2297553085008922	0.4223218842538506	0.2845503922751961	0.2703573172697423	3
TEAD4	0.4449230769230769	13	0.11180268580794492	0.1093097757499272	0.06833598697288755	0.2199065263216365	0.2014258788822421	0.09715028495096427	17
AP2A	0.6207306728096799	15	0.1938831672264816	0.2201610225763612	0.09169461426703512	0.3244723519324008	0.35687674635206457	0.13006127294821926	13
AP2C	0.6833308027975293	14	0.2047173505231636	0.21102692871228235	0.1001955190355117	0.3351345187273247	0.3568997068205288	0.10303573987146916	10
TFAP4	0.5848	10	0.208771146455481	0.19952767655824694	0.0556942864348595	0.4045992817866738	0.4062461055124842	0.0361356893831048	4
TFCP2	0.6121748554913296	16	0.053435114503816786	0.053435114503816786	0.0	0.1206896551724138	0.1206896551724138	0.0	1
TFDP1	0.6498571428571428	14	0.51536630871492	0.477681315304241	0.14463803945485149	0.6692013782567339	0.6482164053226713	0.0906023592680553	5
TGIF2	0.4681135913081537	11	0.3438323202051461	0.3438323202051461	0.0261516720538342	0.5238749792697378	0.5238749792697378	0.028785473427153468	2
THAP1	0.7141768053257571	22	0.5947151121353547	0.5947151121353547	0.04384514701724356	0.7736095055898211	0.7736095055898211	0.06592386716060145	2
THA11	0.5220057720057719	22	0.5266038305491999	0.5432972522897586	0.06183501026654109	0.7232502883791573	0.7093443469282396	0.0694598129990989	3
TLX1	0.5190304571050736	17	0.09273389404318044	0.09273389404318044	0.0	0.2543536914397841	0.2543536914397841	0.0	1
P53	0.6024615384615383	13	0.1321275114164164	0.060313939439703985	0.16686433003687956	0.22878629662629896	0.14952801927666376	0.2037635316888085	62
P63	0.5847272727272727	11	0.0756994035468413	0.03456820802780525	0.12013580664427527	0.16270613507561554	0.11504129004779708	0.15401461786912152	32
P73	0.57	12	0.05582378578417513	0.02572596821525397	0.08339913912421539	0.14881709780561372	0.10802596287777044	0.14547281959250466	6
USF1	0.6211805555555557	12	0.2608181227903063	0.2457280671057463	0.08790525783505138	0.4297576775678595	0.4079408307591805	0.08609494340289849	12
USF2	0.6517859653874212	19	0.3347763741428185	0.27936138977244923	0.1722305799726299	0.5034910796576956	0.4668248384193733	0.13887601726061793	13
VDR	0.5497777777777776	9	0.16521935433318266	0.15061988758846748	0.08346878858009044	0.2947517779257349	0.2868818273688263	0.10820069176054713	30
VEZF1	0.6267893660531697	12	0.4717142942503151	0.4529505582137161	0.05233316981799252	0.6659154196566335	0.6775	0.033825629287636966	3
WT1	0.640316205533597	11	0.2952987616319667	0.2952987616319667	0.04869023651109966	0.4238359196563879	0.4238359196563879	0.030440353334929268	2
XBP1	0.6598181818181819	11	0.2877487624109565	0.2917225950782998	0.15902986943312009	0.5284564987776721	0.6017592744358848	0.10884698263980684	5
TYY1	0.5710080941869021	12	0.4868676234701127	0.5055120626298131	0.20685565553505528	0.6517468217958876	0.7001205545509342	0.19370306650504365	45
ZBED1	0.44858988911202297	13	0.22135187916236693	0.22135187916236693	0.0003738934763186267	0.3881430218312837	0.3881430218312837	0.015167302849254926	2
ZBT14	0.8054978054978056	9	0.9449460471261836	0.9449460471261836	0.0	0.8520063402018854	0.8520063402018854	0.0	1
ZBT17	0.6267368421052631	19	0.2815832370700705	0.2283718675173416	0.1624015538305978	0.4657325206037298	0.4278227178861801	0.1532803129777473	10
ZBT18	0.5587272727272726	11	0.3464203233256351	0.3464203233256351	0.0	0.5171597633136095	0.5171597633136095	0.0	1
KAISO	0.6121818181818183	11	0.3604464339855655	0.4251944943147816	0.18587483651066727	0.5122624605406007	0.5719424460431655	0.2236500685978353	21
ZBTB6	0.6239878542510122	13	0.2700331481068363	0.2914161443008827	0.05794655755104201	0.4638615929439545	0.4822323462414578	0.05367034057680183	3
ZBT7A	0.7582222222222222	9	0.4491498038667551	0.4121235650242247	0.10862957570060698	0.5810985558374673	0.5792764341252261	0.09450876254763768	18
ZBT7B	0.6347400644605637	21	0.5113047085666874	0.5113047085666874	0.0	0.6761584260937096	0.6761584260937096	0.0	1
ZEB1	0.5688000000000001	10	0.3042748395350407	0.3033260626986977	0.13008850108011072	0.4453814218427328	0.4505863362726238	0.13794760451306107	8
ZFHX3	0.08888888888888884	11	0.4075829383886256	0.4075829383886256	0.0	0.6835443037974683	0.6835443037974683	0.0	1
ZFP28	0.3455635491606713	20	0.005154338366577454	0.005154338366577454	0.001007043978573398	0.07559523809523809	0.07559523809523809	0.01094331923264895	2
ZFP42	0.5111666666666665	12	0.4450649682706623	0.4403418416737309	0.2345724322463765	0.6653897618284578	0.6922993128875481	0.2266446061677284	4
ZFX	0.7498981670061099	10	0.4878341355580614	0.6116391886084696	0.3366326639121929	0.5644355782848182	0.6896677467090169	0.2918808166813576	14
ZIC2	0.6141463414634145	15	0.5095757742803244	0.654238022978539	0.3729824289057887	0.6567480718827883	0.7460726242595931	0.28188852077296045	3
ZIM3	0.41367750586657737	19	0.009809801780432321	0.009809801780432321	0.0004973215990239609	0.12017281578848088	0.12017281578848088	0.0030435105312429066	2
ZKSC1	0.5298947368421052	19	0.21006324141169416	0.2446461619811404	0.09658798174022487	0.3947517969243948	0.4353848575476153	0.11119716629622076	5
ZN121	0.5825102880658438	20	0.13098388340257278	0.1313165401996112	0.09922383161764793	0.3338941226620831	0.3353140507097964	0.1036719770895645	4
ZN134	0.5195294117647058	17	0.10350624399615754	0.10350624399615754	0.0	0.3182397959183674	0.3182397959183674	0.0	1
ZN136	0.40342465753424656	24	0.00170261066969353	0.00170261066969353	0.0	0.08505154639175258	0.08505154639175258	0.0	1
ZN140	0.4775000000000002	24	0.08510743988054609	0.08510743988054609	0.0029591226455786064	0.2925265806450348	0.2925265806450348	0.016145318593478036	2
ZN143	0.5233636363636364	22	0.4050002700616009	0.3770560944749051	0.1969954119357608	0.5861143068129312	0.6087790326017473	0.17062833126729407	21
OZF	0.34691426459719144	24	0.08073857324126636	0.1092365720300576	0.052623994720589116	0.34328920858063394	0.3979339287635855	0.10309356744857236	3
ZNF18	0.5245	12	0.3005081418563404	0.23146207443494024	0.1577484913303278	0.4581091996607725	0.3925392918007953	0.14436679060411628	5
ZN250	0.3758333333333334	20	0.5100117785630153	0.5100117785630153	0.0	0.7863924050632911	0.7863924050632911	0.0	1
ZN257	0.5543981481481483	12	0.2199007804279133	0.21461663192031505	0.022606029127257274	0.4440469672489987	0.4473684210526316	0.0535746269663114	3
ZN260	0.3470654627539505	24	0.08539167254763587	0.08539167254763587	0.0	0.4558979808714134	0.4558979808714134	0.0	1
ZN263	0.6898503103322381	11	0.3199771012058964	0.3614594666741061	0.1572226807137399	0.5303883884664264	0.5798379454476157	0.1414018392099515	6
ZN264	0.447	24	0.3519622454048684	0.3519622454048684	0.0	0.5463917525773195	0.5463917525773195	0.0	1
ZN274	0.4433000000000001	20	0.03077533676561638	0.01259565308598061	0.04517517618210663	0.0963075592432794	0.06462672129281892	0.09188819839648532	4
ZN281	0.7522821576763487	15	0.3252069269024485	0.3252069269024485	0.1754438012981854	0.4788621910192392	0.4788621910192392	0.17615098394140466	2
ZN282	0.4533730158730159	14	0.568532001425647	0.568532001425647	0.01087002620444533	0.6786992918114035	0.6786992918114035	0.003475060150387473	2
ZN317	0.4258241758241757	20	0.015430026472694546	0.01442057291666667	0.004518752342004146	0.13699328097860652	0.11970450776420925	0.0438455781145607	3
ZN320	0.6880694143167028	20	0.1218308507074037	0.11239804241435562	0.019481323751195958	0.34947396012157306	0.3376413570274637	0.028031404233639368	3
ZN322	0.6047311827956989	20	0.1880787037037037	0.1880787037037037	0.0	0.4538653366583541	0.4538653366583541	0.0	1
Z324A	0.5396086956521738	23	0.3552408033762196	0.4040363871352588	0.09545637937227283	0.5021780372687149	0.5112605261440042	0.026357613925790512	3
ZN329	0.5570637119113576	20	0.14538310412573674	0.14538310412573674	0.0	0.4342105263157895	0.4342105263157895	0.0	1
ZN331	0.6708515283842795	20	0.0262560462869651	0.02996404314822213	0.006694459523503875	0.13640122715752967	0.1346938775510204	0.032526622157480936	3
ZN335	0.6039488966318236	7	0.4000532406378922	0.3830644243679312	0.0848512062861277	0.5341597872448361	0.4458465991316932	0.19657097127216414	3
ZN341	0.5991111111111109	9	0.3863049356517492	0.3824620697255795	0.028808611521923582	0.51717487442973	0.5154796546295854	0.0283440215438051	3
ZN350	0.3995555555555556	18	0.2071552088296356	0.2071552088296356	0.048898003803641066	0.5026807308471135	0.5026807308471135	0.041279419621992025	2
ZN382	0.4788893115252948	22	0.10459774077574303	0.05013155684935342	0.08634559588110369	0.2641377089224621	0.2654216185625354	0.08495860522534243	9
ZN384	0.4027380952380951	12	0.07096788174173921	0.0922831870403633	0.05970307024302711	0.20968240662921586	0.2565118497321887	0.1115875513613286	3
ZN394	0.4013485781295808	9	0.26397758734746035	0.26397758734746035	0.001356172917382356	0.3862852811012065	0.3862852811012065	0.0253869663785132	2
ZNF41	0.4816666666666665	12	0.028074866310160432	0.028074866310160432	0.0	0.19533527696793	0.19533527696793	0.0	1
ZN410	0.3518274716318726	13	0.26068908260689083	0.26068908260689083	0.10273448460576654	0.4735487235590167	0.4735487235590167	0.07786269462967678	2
ZN423	0.6939393939393939	15	0.4641564732953857	0.4641564732953857	0.02732513403669654	0.5377243694371305	0.5377243694371305	0.004413879141994941	2
ZN436	0.622680412371134	24	0.03808146541335262	0.03808146541335262	0.0	0.2135593220338983	0.2135593220338983	0.0	1
ZN449	0.6314545454545454	11	0.10520833333333332	0.10520833333333332	0.0	0.2924281984334204	0.2924281984334204	0.0	1
ZN467	0.6793587174348696	22	0.26543636303825785	0.26543636303825785	0.0	0.4861387932596485	0.4861387932596485	0.0	1
ZN490	0.4409883720930232	24	0.00961105271061721	0.00961105271061721	0.0	0.11370814908401768	0.11370814908401768	0.0	1
ZN528	0.5080862533692724	20	0.15609390791343206	0.10486111111111113	0.14645354869142935	0.32800487938104284	0.29128440366972475	0.1804395324571544	3
ZN547	0.522962962962963	20	0.2693448396678627	0.3474278736070829	0.17640096017061904	0.4890575582440471	0.5705690649285535	0.22010027793724304	3
ZN549	0.4990500000000001	20	0.10206648697214736	0.10206648697214736	0.0	0.2727272727272727	0.2727272727272727	0.0	1
ZN554	0.6305555555555554	9	0.1572552350703549	0.1572552350703549	0.0	0.2922250232187873	0.2922250232187873	0.0	1
ZN563	0.6164999999999999	12	0.12283415841584155	0.12283415841584155	0.0	0.3104421448730009	0.3104421448730009	0.0	1
ZN586	0.4758474576271189	20	0.004832146490335707	0.004832146490335707	0.0	0.04843304843304843	0.04843304843304843	0.0	1
ZN589	0.5661386986301371	16	0.2117265764837055	0.2711342647407057	0.14392037619381096	0.3112121165273139	0.4112251475035946	0.2273055913877628	5
ZN667	0.5475789473684209	19	0.12941176470588234	0.12941176470588234	0.0	0.3636363636363637	0.3636363636363637	0.0	1
ZN680	0.4598705501618125	20	0.06169057660229945	0.053287470940081225	0.04643487465187123	0.2409553228219691	0.22123734830375347	0.09681016209522927	6
ZN740	0.7240068058083573	14	0.2589830012489189	0.2621935164297853	0.25688453054151233	0.4008545138078757	0.4048113854691224	0.30141165604230685	4
ZNF76	0.5616100766703176	22	0.453887977623745	0.538684403768519	0.2328484468445748	0.6281081079969095	0.6481650977535091	0.1610520176237267	4
ZN770	0.7054249213108684	11	0.07151882302033752	0.07151882302033752	0.0	0.2808471454880295	0.2808471454880295	0.0	1
ZN784	0.5609019886363636	11	0.4103053435114504	0.4103053435114504	0.0	0.6593406593406593	0.6593406593406593	0.0	1
ZNF8	0.3932853717026379	22	0.11457862575601688	0.11457862575601688	0.1036201860943916	0.35077753716918336	0.35077753716918336	0.0849459203658041	2
ZN816	0.55003078817734	14	0.1100502512562814	0.1100502512562814	0.0	0.3269493844049248	0.3269493844049248	0.0	1
ZNF85	0.3921689532911978	13	0.07537688442211055	0.07537688442211055	0.0	0.3356164383561644	0.3356164383561644	0.0	1
ZSC16	0.4347826086956523	20	0.17790172370014398	0.1022864019253911	0.1600141461519896	0.3363650451651412	0.25806451612903225	0.17806625033689205	5
ZSC22	0.664390756302521	16	0.5903934642252785	0.5747735987598923	0.07077007715915498	0.7604477617134441	0.7362777364900732	0.07103492382380701	3
ZSC31	0.5943215943215943	18	0.31653992395437264	0.31653992395437264	0.0	0.5238095238095238	0.5238095238095238	0.0	1
EVI1	0.29091754386770285	16	0.17033690946734426	0.17033690946734426	0.0	0.3409669211195929	0.3409669211195929	0.0	1
UBIP1	0.4285714285714285	7	0.1	0.1	0.0	0.2	0.2	0.0	1
ZBT48	0.5905000000000001	12	0.23741248553855315	0.25396894248286633	0.10081586978114968	0.3895494427902772	0.4292415949960907	0.11516332902285326	17
ZF64A	0.7450828157349897	16	0.24157884832567125	0.22074785585828385	0.2634438414486608	0.3749928124687613	0.3639498183676214	0.2932962078284617	4
